%caliop-Swc cloud-mask latitude ref2.25-1.61 ctt Base_Altitude Top_Altitude  multilayer-cloud
    10     12 3.122212e+01 -3.550290e-02    266 6.010454e+00 7.597177e+00      1
    10     12 3.122959e+01 -3.740750e-02    267 6.010454e+00 7.597177e+00      1
    10     12 3.122090e+01 8.057700e-03    254 6.010454e+00 7.597177e+00      1
    10     12 3.122837e+01 -1.364930e-02    264 6.010454e+00 7.597177e+00      1
    10     12 3.537814e+01 -1.063134e-01    269 1.789174e+00 1.878988e+00      1
    10     12 3.538554e+01 -1.095366e-01    270 1.789174e+00 1.878988e+00      1
    10     12 3.537692e+01 -1.209883e-01    272 1.789174e+00 1.878988e+00      1
    10     12 3.560753e+01 -1.510217e-01    269 1.459854e+00 2.148432e+00      1
    10     12 3.564448e+01 -1.600317e-01    268 1.399977e+00 2.178370e+00      1
    10     12 3.565186e+01 -1.277764e-01    268 1.399977e+00 2.178370e+00      1
    10     12 3.568967e+01 -1.160071e-01    269 1.759235e+00 2.208308e+00      1
    10     12 3.569700e+01 -1.546599e-01    268 1.759235e+00 2.208308e+00      1
    10     12 3.573383e+01 -1.338318e-01    268 1.609545e+00 2.298122e+00      1
    10     12 3.574116e+01 -1.424268e-01    267 1.609545e+00 2.298122e+00      1
    10     12 3.577872e+01 -1.014543e-01    266 1.609545e+00 2.208308e+00      1
    10     12 3.578619e+01 -7.344760e-02    267 1.609545e+00 2.208308e+00      1
    10     12 3.586863e+01 -1.062401e-01    269 1.549668e+00 2.058617e+00      1
    10     12 3.587602e+01 -1.208662e-01    269 1.549668e+00 2.058617e+00      1
    10     12 3.564323e+01 -1.569795e-01    268 1.399977e+00 2.178370e+00      1
    10     12 3.565061e+01 -1.435256e-01    267 1.399977e+00 2.178370e+00      1
    10     12 3.573243e+01 -1.066797e-01    267 1.609545e+00 2.298122e+00      1
    10     12 3.573980e+01 -1.212325e-01    267 1.609545e+00 2.298122e+00      1
    10     12 3.577753e+01 -1.261160e-01    267 1.609545e+00 2.208308e+00      1
    10     12 3.582203e+01 -8.570510e-02    268 1.579606e+00 2.148432e+00      1
    10     12 3.582943e+01 -1.217208e-01    268 1.579606e+00 2.148432e+00      1
    10     12 3.586642e+01 -1.228684e-01    268 1.549668e+00 2.058617e+00      1
    10     12 3.587383e+01 -1.067285e-01    269 1.549668e+00 2.058617e+00      1
    10     12 3.586740e+01 -1.101958e-01    269 1.549668e+00 2.058617e+00      1
    10     12 3.587480e+01 -1.057518e-01    269 1.549668e+00 2.058617e+00      1
    10     12 3.591177e+01 -7.859960e-02    269 1.310163e+00 1.399977e+00      1
    10     12 3.591916e+01 -9.217570e-02    268 1.310163e+00 1.399977e+00      1
    10     12 3.600114e+01 -9.503260e-02    268 1.340101e+00 2.417875e+00      1
    10      4 3.600854e+01 -5.415780e-02    272 1.340101e+00 2.417875e+00      0
    10     12 3.609817e+01 -8.585160e-02    268 2.537627e+00 3.226205e+00      1
    10     12 3.586514e+01 -9.273730e-02    270 1.549668e+00 2.058617e+00      1
    10     12 3.587254e+01 -1.039937e-01    269 1.549668e+00 2.058617e+00      1
    10      8 3.595487e+01 -5.625770e-02    270 1.819112e+00 2.507689e+00      0
    10     12 3.596227e+01 -8.612020e-02    270 1.819112e+00 2.507689e+00      1
    10     12 3.599992e+01 -1.717033e-01    267 1.340101e+00 2.417875e+00      1
    10     12 3.600730e+01 -1.036763e-01    267 1.340101e+00 2.417875e+00      1
    10     12 3.609694e+01 -7.410680e-02    271 2.537627e+00 3.226205e+00      1
    10     12 3.617816e+01 -4.883480e-02    268 2.837009e+00 2.986700e+00      1
    10     12 3.617875e+01 -5.408450e-02    269 2.837009e+00 2.986700e+00      1
    10     12 3.622310e+01 -6.067730e-02    266 2.597504e+00 3.226205e+00      1
    10     12 3.623049e+01 -1.157386e-01    263 2.597504e+00 3.226205e+00      1
    10      4 3.627465e+01 -4.622220e-02    268 1.699359e+00 3.076514e+00      0
    10     12 3.631258e+01 -1.001114e-01    264 2.058617e+00 3.076514e+00      1
    10     12 3.631991e+01 -9.666860e-02    264 2.058617e+00 3.076514e+00      1
    10     12 3.617690e+01 -4.502570e-02    267 2.837009e+00 2.986700e+00      1
    10     12 3.622184e+01 -7.791600e-02    265 2.597504e+00 3.226205e+00      1
    10     12 3.626608e+01 -3.367170e-02    270 1.699359e+00 3.076514e+00      1
    10      8 3.627345e+01 -4.014230e-02    269 1.699359e+00 3.076514e+00      0
    10     12 3.631129e+01 -7.183600e-02    264 2.058617e+00 3.076514e+00      1
    10     12 3.635574e+01 -7.281280e-02    264 2.178370e+00 3.345958e+00      1
    10     12 3.636319e+01 -5.059290e-02    268 2.178370e+00 3.345958e+00      1
    10     12 3.640083e+01 -5.003130e-02    266 1.759235e+00 3.016638e+00      1
    10     12 3.640819e+01 -5.484160e-02    265 1.759235e+00 3.016638e+00      1
    10     12 3.644525e+01 -1.181315e-01    265 2.417875e+00 3.106453e+00      1
    10     12 3.645267e+01 -1.731683e-01    263 2.417875e+00 3.106453e+00      1
    10     12 3.649065e+01 -8.634000e-02    267 2.477751e+00 2.926824e+00      1
    10     12 3.645140e+01 -1.082912e-01    265 2.417875e+00 3.106453e+00      1
    10     12 3.648826e+01 -9.205370e-02    266 2.477751e+00 2.926824e+00      1
    10     12 3.649557e+01 -4.827320e-02    268 2.477751e+00 2.926824e+00      1
    10     12 3.653328e+01 -1.106109e-01    265 2.567566e+00 3.196267e+00      1
    10     12 3.654070e+01 -1.159827e-01    264 2.567566e+00 3.196267e+00      1
    10     12 3.657790e+01 -8.878170e-02    264 2.657380e+00 3.316020e+00      1
    10     12 3.658540e+01 -8.653530e-02    265 2.657380e+00 3.316020e+00      1
    10     12 3.662312e+01 -1.276787e-01    263 2.537627e+00 3.226205e+00      1
    10     12 3.663051e+01 -9.869520e-02    263 2.537627e+00 3.226205e+00      1
    10     12 3.666760e+01 -6.426660e-02    265 8.659982e+00 9.198869e+00      1
    10     12 3.667505e+01 -6.849080e-02    266 8.659982e+00 9.198869e+00      1
    10     12 3.671311e+01 -8.909920e-02    267 8.659982e+00 9.198869e+00      1
    10     12 3.672050e+01 -1.182047e-01    267 8.659982e+00 9.198869e+00      1
    10     12 3.680969e+01 -2.138960e-02    270 8.659982e+00 9.198869e+00      1
    10     12 3.666631e+01 -5.293700e-02    263 8.659982e+00 9.198869e+00      1
    10     12 3.667375e+01 -8.809800e-02    263 8.659982e+00 9.198869e+00      1
    10     12 3.671188e+01 -1.068018e-01    268 8.659982e+00 9.198869e+00      1
    10     12 3.671926e+01 -5.723440e-02    271 8.659982e+00 9.198869e+00      1
    10     12 3.675615e+01 -8.360520e-02    268 8.659982e+00 9.198869e+00      1
    10     12 3.676349e+01 -1.462359e-01    266 8.659982e+00 9.198869e+00      1
    10     12 3.680052e+01 -5.840650e-02    268 8.659982e+00 9.198869e+00      1
    10     12 3.680790e+01 -1.948510e-02    271 8.659982e+00 9.198869e+00      1
    10     12 3.680107e+01 -9.386050e-02    267 8.659982e+00 9.198869e+00      1
    10     12 3.680845e+01 -3.213330e-02    270 8.659982e+00 9.198869e+00      1
    10     12 3.684538e+01 -7.684160e-02    263 2.298122e+00 3.465711e+00      1
    10     12 3.685278e+01 -9.029560e-02    261 2.298122e+00 3.465711e+00      1
    10     12 3.689709e+01 1.081690e-02    265 1.878988e+00 3.166329e+00      1
    10     12 3.693511e+01 1.084140e-02    266 7.806744e+00 8.719858e+00      1
    10     12 3.694250e+01 -3.254840e-02    265 7.806744e+00 8.719858e+00      1
    10     12 3.679923e+01 -1.003312e-01    267 8.659982e+00 9.198869e+00      1
    10     12 3.680662e+01 -5.784480e-02    268 8.659982e+00 9.198869e+00      1
    10     12 3.684413e+01 -8.104140e-02    263 2.298122e+00 3.465711e+00      1
    10     12 3.688843e+01 -3.296400e-03    264 1.878988e+00 3.166329e+00      1
    10     12 3.689581e+01 1.408880e-02    265 1.878988e+00 3.166329e+00      1
    10     12 3.693387e+01 2.539410e-02    265 7.806744e+00 8.719858e+00      1
    10     12 3.694125e+01 1.267270e-02    264 7.806744e+00 8.719858e+00      1
    10     12 3.711906e+01 -9.693700e-03    270 8.240848e+00 8.839610e+00      1
    10     12 3.711274e+01 1.733600e-03    272 8.240848e+00 8.839610e+00      1
    10     12 3.712012e+01 -1.816660e-02    269 8.240848e+00 8.839610e+00      1
    10     12 3.725365e+01 -9.708360e-02    262 8.240848e+00 8.839610e+00      1
    10     12 3.711776e+01 -1.308780e-02    270 8.240848e+00 8.839610e+00      1
    10     12 3.720744e+01 3.223100e-03    272 8.240848e+00 8.839610e+00      1
    10     12 3.724503e+01 -7.041980e-02    263 8.240848e+00 8.839610e+00      1
    10     12 3.725240e+01 -8.924560e-02    262 8.240848e+00 8.839610e+00      1
    10     12 3.733468e+01 -1.030171e-01    258 6.938537e+00 8.839610e+00      1
    10     12 3.734206e+01 -1.104399e-01    258 6.938537e+00 8.839610e+00      1
    10     12 3.742397e+01 -7.320340e-02    259 7.357671e+00 8.959363e+00      1
    10     12 3.743135e+01 -8.714570e-02    259 7.357671e+00 8.959363e+00      1
    10     12 3.742194e+01 -6.900360e-02    259 7.357671e+00 8.959363e+00      1
    10     12 3.747437e+01 -8.546100e-02    261 7.357671e+00 9.138992e+00      1
    10     12 3.748175e+01 -9.390940e-02    261 7.357671e+00 9.138992e+00      1
    10     12 3.751125e+01 -8.240880e-02    262 7.357671e+00 8.959363e+00      1
    10     12 3.751862e+01 -8.807360e-02    262 7.357671e+00 8.959363e+00      1
    10     12 3.752600e+01 -5.904130e-02    262 7.357671e+00 8.959363e+00      1
    10     12 3.755662e+01 -1.233568e-01    261 7.357671e+00 8.839610e+00      1
    10     12 3.756399e+01 -1.155187e-01    260 7.357671e+00 8.839610e+00      1
    10     12 3.764580e+01 -1.179117e-01    263 8.240848e+00 8.839610e+00      1
    10     12 3.765318e+01 -1.050682e-01    263 8.240848e+00 8.839610e+00      1
    10     12 3.769743e+01 -1.146154e-01    264 8.240848e+00 8.839610e+00      1
    10     12 3.773549e+01 -7.076170e-02    265 2.238246e+00 2.837009e+00      1
    10     12 3.774286e+01 -6.751420e-02    265 2.238246e+00 2.837009e+00      1
    10     12 3.764457e+01 -1.098539e-01    263 8.240848e+00 8.839610e+00      1
    10     12 3.768880e+01 -1.142247e-01    264 8.240848e+00 8.839610e+00      1
    10     12 3.769616e+01 -1.127596e-01    264 8.240848e+00 8.839610e+00      1
    10     12 3.770353e+01 -1.007218e-01    264 8.240848e+00 8.839610e+00      1
    10     12 3.773302e+01 -7.227560e-02    264 2.238246e+00 2.837009e+00      1
    10     12 3.774039e+01 -6.424220e-02    265 2.238246e+00 2.837009e+00      1
    10     12 3.773426e+01 -8.072400e-02    264 2.238246e+00 2.837009e+00      1
    10     12 3.774163e+01 -8.917240e-02    264 2.238246e+00 2.837009e+00      1
    10     12 3.777849e+01 -7.007800e-02    265 2.088555e+00 2.837009e+00      1
    10     12 3.778585e+01 -7.464410e-02    265 2.088555e+00 2.837009e+00      1
    10     12 3.782272e+01 -4.868830e-02    267 2.268184e+00 2.567566e+00      1
    10     12 3.783009e+01 -4.006900e-02    267 2.268184e+00 2.567566e+00      1
    10     12 3.782143e+01 -5.779610e-02    266 2.268184e+00 2.567566e+00      1
    10     12 3.782880e+01 -5.205790e-02    266 2.268184e+00 2.567566e+00      1
    10     12 3.783616e+01 -3.752960e-02    267 2.268184e+00 2.567566e+00      1
    10     12 4.369127e+01 -6.592700e-03    262 4.753051e+00 6.130207e+00      1
    10     12 4.369854e+01 -1.523650e-02    263 4.753051e+00 6.130207e+00      1
    10     12 4.374209e+01 -2.239080e-02    264 1.250287e+00 2.028679e+00      1
    10     12 4.378095e+01 -4.295030e-02    270 4.842866e+00 5.920640e+00      1
    10     12 4.378823e+01 -4.080150e-02    270 4.842866e+00 5.920640e+00      1
    10     12 4.377966e+01 -3.213340e-02    267 4.842866e+00 5.920640e+00      1
    10     12 4.378691e+01 -3.142520e-02    268 4.842866e+00 5.920640e+00      1
    10     12 4.382335e+01 -2.607784e-02    272 4.812928e+00 5.980516e+00      1
    10      4 4.383066e+01 -1.963160e-02    272 4.812928e+00 5.980516e+00      0
    10      4 4.387642e+01 -1.338075e-02    273 4.633299e+00 6.040392e+00      0
    10     12 4.395880e+01 -1.583225e-01    269 4.782990e+00 6.639155e+00      1
    10     12 4.396604e+01 -1.573702e-01    270 4.782990e+00 6.639155e+00      1
    10     12 4.395752e+01 -1.209883e-01    270 4.782990e+00 6.639155e+00      1
    10     12 4.396478e+01 -1.162025e-01    270 4.782990e+00 6.639155e+00      1
    10     12 4.422174e+01 -2.786027e-02    268 5.172186e+00 6.070331e+00      1
    10     12 4.422898e+01 -2.671266e-02    268 5.172186e+00 6.070331e+00      1
    10     12 4.431111e+01 -1.391060e-01    265 5.561382e+00 6.309836e+00      1
    10     12 4.431836e+01 -1.295832e-01    265 5.561382e+00 6.309836e+00      1
    10     12 4.430978e+01 -1.299983e-01    266 5.561382e+00 6.309836e+00      1
    10     12 4.476011e+01 -7.085930e-02    271 5.591320e+00 5.920640e+00      1
    10     12 4.476735e+01 -8.113910e-02    271 5.591320e+00 5.920640e+00      1
    10     12 4.479908e+01 -1.597631e-01    268 5.591320e+00 5.920640e+00      1
    10     12 4.480633e+01 -1.103179e-01    269 5.591320e+00 5.920640e+00      1
    10     12 4.475876e+01 -6.121450e-02    272 5.591320e+00 5.920640e+00      1
    10     12 4.476599e+01 -8.311690e-02    270 5.591320e+00 5.920640e+00      1
    10     12 4.479777e+01 -1.402048e-01    269 5.591320e+00 5.920640e+00      1
    10     12 4.480501e+01 -1.240405e-01    269 5.591320e+00 5.920640e+00      1
    10     12 4.484125e+01 -1.021869e-01    272 1.340101e+00 2.717257e+00      1
    10     12 4.484850e+01 -1.385933e-01    270 1.340101e+00 2.717257e+00      1
    10     12 4.485574e+01 -1.269217e-01    271 1.340101e+00 2.717257e+00      1
    10     12 4.488700e+01 -1.099761e-01    270 1.070658e+00 2.657380e+00      1
    10     12 4.489423e+01 -1.169106e-01    271 1.070658e+00 2.657380e+00      1
    10     12 4.493047e+01 -1.320494e-01    269 8.910287e-01 2.717257e+00      1
    10     12 4.493771e+01 -1.273856e-01    269 8.910287e-01 2.717257e+00      1
    10     12 4.494493e+01 -8.101700e-02    269 8.910287e-01 2.717257e+00      1
    10     12 4.497655e+01 -1.337342e-01    269 1.220348e+00 2.807071e+00      1
    10     12 4.498376e+01 -1.344911e-01    269 1.220348e+00 2.807071e+00      1
    10     12 4.493637e+01 -1.798098e-01    268 8.910287e-01 2.717257e+00      1
    10     12 4.497974e+01 -1.569063e-01    267 1.220348e+00 2.807071e+00      1
    10     12 4.497520e+01 -1.730706e-01    267 1.220348e+00 2.807071e+00      1
    10     12 4.501865e+01 -1.486777e-01    267 1.010781e+00 2.657380e+00      1
    10     12 4.502588e+01 -1.215987e-01    267 1.010781e+00 2.657380e+00      1
    10     12 4.503314e+01 -9.605810e-02    269 1.010781e+00 2.657380e+00      1
    10     12 4.506937e+01 -8.875730e-02    270 1.040720e+00 2.777133e+00      1
    10     12 4.507664e+01 -9.266410e-02    270 1.040720e+00 2.777133e+00      1
    10     12 4.510778e+01 -1.234544e-01    267 2.118493e+00 2.747195e+00      1
    10     12 4.511503e+01 -1.208174e-01    267 2.118493e+00 2.747195e+00      1
    10      0 4.512223e+01 -9.327450e-02    269 2.118493e+00 2.747195e+00      0
    10     12 4.515841e+01 -1.282403e-01    270 1.429916e+00 2.807071e+00      1
    10     12 4.516566e+01 -1.202070e-01    269 1.429916e+00 2.807071e+00      1
    10     12 4.520470e+01 -1.310482e-01    266 1.190410e+00 2.657380e+00      1
    10     12 4.515708e+01 -1.070215e-01    269 1.429916e+00 2.807071e+00      1
    10     12 4.516430e+01 -1.180337e-01    267 1.429916e+00 2.807071e+00      1
    10     12 4.519620e+01 -1.009660e-01    267 1.190410e+00 2.657380e+00      1
    10     12 4.528543e+01 -1.502647e-01    272 1.609545e+00 2.837009e+00      1
    10     12 4.529265e+01 -1.507532e-01    270 1.609545e+00 2.837009e+00      1
    10     12 4.529986e+01 -1.838143e-01    269 1.609545e+00 2.837009e+00      1
    10     12 4.532875e+01 -1.055321e-01    271 1.878988e+00 2.777133e+00      1
    10     12 4.533599e+01 -1.553436e-01    271 1.878988e+00 2.777133e+00      1
    10     12 4.534322e+01 -2.158988e-01    268 1.878988e+00 2.777133e+00      1
    10     12 4.543272e+01 -3.057060e-02    269 1.280225e+00 2.567566e+00      1
    10     12 4.528904e+01 -1.165687e-01    271 1.609545e+00 2.837009e+00      1
    10     12 4.551323e+01 -2.002230e-02    273 1.130534e+00 1.729297e+00      1
    10     12 4.552044e+01 -3.071710e-02    273 1.130534e+00 1.729297e+00      1
    10     12 4.555661e+01 -8.345870e-02    271 8.311524e-01 2.118493e+00      1
    10     12 4.556383e+01 -8.922120e-02    271 8.311524e-01 2.118493e+00      1
    10     12 4.559564e+01 -9.095490e-02    271 1.070658e+00 2.238246e+00      1
    10     12 4.560285e+01 -1.168373e-01    271 1.070658e+00 2.238246e+00      1
    10     12 4.561010e+01 -1.133212e-01    271 1.070658e+00 2.238246e+00      1
    10     12 4.564487e+01 -1.258230e-01    270 1.190410e+00 2.268184e+00      1
    10     12 4.565210e+01 -1.152502e-01    269 1.190410e+00 2.268184e+00      1
    10     12 4.568828e+01 -9.854870e-02    270 9.509050e-01 2.058617e+00      1
    10     12 4.569550e+01 -8.250650e-02    270 9.509050e-01 2.058617e+00      1
    10     12 4.569789e+01 -1.349306e-01    270 9.509050e-01 2.058617e+00      1
    10     12 4.572679e+01 -6.184940e-02    271 8.311524e-01 1.220348e+00      1
    10     12 4.573401e+01 -8.861080e-02    270 8.311524e-01 1.220348e+00      1
    10     12 4.574126e+01 -1.094145e-01    270 8.311524e-01 1.220348e+00      1
    10     12 4.568686e+01 -7.317900e-02    271 9.509050e-01 2.058617e+00      1
    10     12 4.569407e+01 -1.064599e-01    270 9.509050e-01 2.058617e+00      1
    10     12 4.600408e+01 -5.725890e-02    273 8.311524e-01 1.220348e+00      1
    10     12 4.608514e+01 -6.050630e-02    273 8.311524e-01 1.220348e+00      1
    10     12 4.697031e+01 -1.439407e-01    269 9.198869e+00 1.009701e+01      1
    10     12 4.697752e+01 -1.038473e-01    268 9.198869e+00 1.009701e+01      1
