%viirs-Swc cloud-mask latitude ref2.25-1.61 ctt Base_Altitude Top_Altitude  multilayer-cloud
    10     12 2.947595e+01 -8.028440e-02    266 7.178042e+00 7.776806e+00      1
    10     12 3.537814e+01 -1.063134e-01    269 1.789174e+00 1.878988e+00      1
    10     12 3.538554e+01 -1.095366e-01    270 1.789174e+00 1.878988e+00      1
    10     12 3.537692e+01 -1.209883e-01    272 1.789174e+00 1.878988e+00      1
    10     12 3.565186e+01 -1.277764e-01    268 1.399977e+00 2.178370e+00      1
    10     12 3.573383e+01 -1.338318e-01    268 1.609545e+00 2.298122e+00      1
    10     12 3.577872e+01 -1.014543e-01    266 1.609545e+00 2.208308e+00      1
    10     12 3.578619e+01 -7.344760e-02    267 1.609545e+00 2.208308e+00      1
    10     12 3.586863e+01 -1.062401e-01    269 1.549668e+00 2.058617e+00      1
    10     12 3.587602e+01 -1.208662e-01    269 1.549668e+00 2.058617e+00      1
    10     12 3.573243e+01 -1.066797e-01    267 1.609545e+00 2.298122e+00      1
    10     12 3.573980e+01 -1.212325e-01    267 1.609545e+00 2.298122e+00      1
    10     12 3.577753e+01 -1.261160e-01    267 1.609545e+00 2.208308e+00      1
    10     12 3.582203e+01 -8.570510e-02    268 1.579606e+00 2.148432e+00      1
    10     12 3.582943e+01 -1.217208e-01    268 1.579606e+00 2.148432e+00      1
    10     12 3.586642e+01 -1.228684e-01    268 1.549668e+00 2.058617e+00      1
    10     12 3.587383e+01 -1.067285e-01    269 1.549668e+00 2.058617e+00      1
    10     12 3.587480e+01 -1.057518e-01    269 1.549668e+00 2.058617e+00      1
    10     12 3.591177e+01 -7.859960e-02    269 1.310163e+00 1.399977e+00      1
    10     12 3.591916e+01 -9.217570e-02    268 1.310163e+00 1.399977e+00      1
    10     12 3.600114e+01 -9.503260e-02    268 1.340101e+00 2.417875e+00      1
    10     12 3.609817e+01 -8.585160e-02    268 2.537627e+00 3.226205e+00      1
    10     12 3.586514e+01 -9.273730e-02    270 1.549668e+00 2.058617e+00      1
    10     12 3.587254e+01 -1.039937e-01    269 1.549668e+00 2.058617e+00      1
    10     12 3.596227e+01 -8.612020e-02    270 1.819112e+00 2.507689e+00      1
    10     12 3.600730e+01 -1.036763e-01    267 1.340101e+00 2.417875e+00      1
    10     12 3.609694e+01 -7.410680e-02    271 2.537627e+00 3.226205e+00      1
    10     12 3.617816e+01 -4.883480e-02    268 2.837009e+00 2.986700e+00      1
    10     12 3.617875e+01 -5.408450e-02    269 2.837009e+00 2.986700e+00      1
    10     12 3.622310e+01 -6.067730e-02    266 2.597504e+00 3.226205e+00      1
    10     12 3.623049e+01 -1.157386e-01    263 2.597504e+00 3.226205e+00      1
    10     12 3.631258e+01 -1.001114e-01    264 2.058617e+00 3.076514e+00      1
    10     12 3.631991e+01 -9.666860e-02    264 2.058617e+00 3.076514e+00      1
    10     12 3.617690e+01 -4.502570e-02    267 2.837009e+00 2.986700e+00      1
    10     12 3.622184e+01 -7.791600e-02    265 2.597504e+00 3.226205e+00      1
    10     12 3.631129e+01 -7.183600e-02    264 2.058617e+00 3.076514e+00      1
    10     12 3.635574e+01 -7.281280e-02    264 2.178370e+00 3.345958e+00      1
    10     12 3.636319e+01 -5.059290e-02    268 2.178370e+00 3.345958e+00      1
    10     12 3.640083e+01 -5.003130e-02    266 1.759235e+00 3.016638e+00      1
    10     12 3.640819e+01 -5.484160e-02    265 1.759235e+00 3.016638e+00      1
    10     12 3.644525e+01 -1.181315e-01    265 2.417875e+00 3.106453e+00      1
    10     12 3.649065e+01 -8.634000e-02    267 2.477751e+00 2.926824e+00      1
    10     12 3.653465e+01 -1.235765e-01    264 2.567566e+00 3.196267e+00      1
    10     12 3.654216e+01 -9.945210e-02    265 2.567566e+00 3.196267e+00      1
    10     12 3.644394e+01 -1.099272e-01    266 2.417875e+00 3.106453e+00      1
    10     12 3.645140e+01 -1.082912e-01    265 2.417875e+00 3.106453e+00      1
    10     12 3.648826e+01 -9.205370e-02    266 2.477751e+00 2.926824e+00      1
    10     12 3.649557e+01 -4.827320e-02    268 2.477751e+00 2.926824e+00      1
    10     12 3.653328e+01 -1.106109e-01    265 2.567566e+00 3.196267e+00      1
    10     12 3.654070e+01 -1.159827e-01    264 2.567566e+00 3.196267e+00      1
    10     12 3.657790e+01 -8.878170e-02    264 2.657380e+00 3.316020e+00      1
    10     12 3.658540e+01 -8.653530e-02    265 2.657380e+00 3.316020e+00      1
    10     12 3.662312e+01 -1.276787e-01    263 2.537627e+00 3.226205e+00      1
    10     12 3.663051e+01 -9.869520e-02    263 2.537627e+00 3.226205e+00      1
    10     12 3.666760e+01 -6.426660e-02    265 8.659982e+00 9.198869e+00      1
    10     12 3.667505e+01 -6.849080e-02    266 8.659982e+00 9.198869e+00      1
    10     12 3.671311e+01 -8.909920e-02    267 8.659982e+00 9.198869e+00      1
    10     12 3.672050e+01 -1.182047e-01    267 8.659982e+00 9.198869e+00      1
    10     12 3.666631e+01 -5.293700e-02    263 8.659982e+00 9.198869e+00      1
    10     12 3.667375e+01 -8.809800e-02    263 8.659982e+00 9.198869e+00      1
    10     12 3.671188e+01 -1.068018e-01    268 8.659982e+00 9.198869e+00      1
    10     12 3.671926e+01 -5.723440e-02    271 8.659982e+00 9.198869e+00      1
    10     12 3.675615e+01 -8.360520e-02    268 8.659982e+00 9.198869e+00      1
    10     12 3.680052e+01 -5.840650e-02    268 8.659982e+00 9.198869e+00      1
    10     12 3.680107e+01 -9.386050e-02    267 8.659982e+00 9.198869e+00      1
    10     12 3.684538e+01 -7.684160e-02    263 2.298122e+00 3.465711e+00      1
    10     12 3.685278e+01 -9.029560e-02    261 2.298122e+00 3.465711e+00      1
    10     12 3.679923e+01 -1.003312e-01    267 8.659982e+00 9.198869e+00      1
    10     12 3.680662e+01 -5.784480e-02    268 8.659982e+00 9.198869e+00      1
    10     12 3.684413e+01 -8.104140e-02    263 2.298122e+00 3.465711e+00      1
    10     12 3.725365e+01 -9.708360e-02    262 8.240848e+00 8.839610e+00      1
    10     12 3.724503e+01 -7.041980e-02    263 8.240848e+00 8.839610e+00      1
    10     12 3.725240e+01 -8.924560e-02    262 8.240848e+00 8.839610e+00      1
    10     12 3.728930e+01 -7.200700e-02    261 8.240848e+00 8.839610e+00      1
    10     12 3.729668e+01 -6.060400e-02    261 8.240848e+00 8.839610e+00      1
    10     12 3.730406e+01 -8.445990e-02    260 8.240848e+00 8.839610e+00      1
    10     12 3.733468e+01 -1.030171e-01    258 6.938537e+00 8.839610e+00      1
    10     12 3.734206e+01 -1.104399e-01    258 6.938537e+00 8.839610e+00      1
    10     12 3.742397e+01 -7.320340e-02    259 7.357671e+00 8.959363e+00      1
    10     12 3.743135e+01 -8.714570e-02    259 7.357671e+00 8.959363e+00      1
    10     12 3.742194e+01 -6.900360e-02    259 7.357671e+00 8.959363e+00      1
    10     12 3.742931e+01 -7.276390e-02    260 7.357671e+00 8.959363e+00      1
    10     12 3.742274e+01 -7.547430e-02    260 7.357671e+00 8.959363e+00      1
    10     12 3.743011e+01 -7.693920e-02    260 7.357671e+00 8.959363e+00      1
    10     12 3.746698e+01 -9.981840e-02    261 7.357671e+00 9.138992e+00      1
    10     12 3.747437e+01 -8.546100e-02    261 7.357671e+00 9.138992e+00      1
    10     12 3.748175e+01 -9.390940e-02    261 7.357671e+00 9.138992e+00      1
    10     12 3.751125e+01 -8.240880e-02    262 7.357671e+00 8.959363e+00      1
    10     12 3.751862e+01 -8.807360e-02    262 7.357671e+00 8.959363e+00      1
    10     12 3.752600e+01 -5.904130e-02    262 7.357671e+00 8.959363e+00      1
    10     12 3.755662e+01 -1.233568e-01    261 7.357671e+00 8.839610e+00      1
    10     12 3.756399e+01 -1.155187e-01    260 7.357671e+00 8.839610e+00      1
    10     12 3.760088e+01 -8.563190e-02    259 8.240848e+00 8.839610e+00      1
    10     12 3.760825e+01 -9.388490e-02    260 8.240848e+00 8.839610e+00      1
    10     12 3.764580e+01 -1.179117e-01    263 8.240848e+00 8.839610e+00      1
    10     12 3.765318e+01 -1.050682e-01    263 8.240848e+00 8.839610e+00      1
    10     12 3.769743e+01 -1.146154e-01    264 8.240848e+00 8.839610e+00      1
    10     12 3.773549e+01 -7.076170e-02    265 2.238246e+00 2.837009e+00      1
    10     12 3.774286e+01 -6.751420e-02    265 2.238246e+00 2.837009e+00      1
    10     12 3.759960e+01 -8.050420e-02    260 8.240848e+00 8.839610e+00      1
    10     12 3.760697e+01 -9.022230e-02    261 8.240848e+00 8.839610e+00      1
    10     12 3.761434e+01 -1.078274e-01    261 8.240848e+00 8.839610e+00      1
    10     12 3.764457e+01 -1.098539e-01    263 8.240848e+00 8.839610e+00      1
    10     12 3.768880e+01 -1.142247e-01    264 8.240848e+00 8.839610e+00      1
    10     12 3.769616e+01 -1.127596e-01    264 8.240848e+00 8.839610e+00      1
    10     12 3.770353e+01 -1.007218e-01    264 8.240848e+00 8.839610e+00      1
    10     12 3.773302e+01 -7.227560e-02    264 2.238246e+00 2.837009e+00      1
    10     12 3.774039e+01 -6.424220e-02    265 2.238246e+00 2.837009e+00      1
    10     12 3.773426e+01 -8.072400e-02    264 2.238246e+00 2.837009e+00      1
    10     12 3.774163e+01 -8.917240e-02    264 2.238246e+00 2.837009e+00      1
    10     12 3.777849e+01 -7.007800e-02    265 2.088555e+00 2.837009e+00      1
    10     12 3.778585e+01 -7.464410e-02    265 2.088555e+00 2.837009e+00      1
    10     12 3.782272e+01 -4.868830e-02    267 2.268184e+00 2.567566e+00      1
    10     12 3.783009e+01 -4.006900e-02    267 2.268184e+00 2.567566e+00      1
    10     12 3.782143e+01 -5.779610e-02    266 2.268184e+00 2.567566e+00      1
    10     12 3.782880e+01 -5.205790e-02    266 2.268184e+00 2.567566e+00      1
    10     12 3.804460e+01 -1.166908e-01    267 1.489792e+00 2.268184e+00      1
    10     12 3.805198e+01 -1.120027e-01    267 1.489792e+00 2.268184e+00      1
    10     12 3.804541e+01 -1.111725e-01    268 1.489792e+00 2.268184e+00      1
    10     12 3.805278e+01 -1.150304e-01    268 1.489792e+00 2.268184e+00      1
    10     12 3.805068e+01 -9.022230e-02    268 1.489792e+00 2.268184e+00      1
    10     12 3.835699e+01 -6.551200e-02    268 1.070658e+00 1.190410e+00      1
    10     12 3.836434e+01 -9.664410e-02    268 1.070658e+00 1.190410e+00      1
    10     12 3.836168e+01 -7.508350e-02    268 1.070658e+00 1.190410e+00      1
    10     12 3.889714e+01 -7.393590e-02    273 2.447813e+00 2.597504e+00      1
    10     12 4.378095e+01 -4.295030e-02    270 4.842866e+00 5.920640e+00      1
    10     12 4.378823e+01 -4.080150e-02    270 4.842866e+00 5.920640e+00      1
    10     12 4.391272e+01 -5.252180e-02    265 5.321877e+00 6.669094e+00      1
    10     12 4.395752e+01 -1.209883e-01    270 4.782990e+00 6.639155e+00      1
    10     12 4.396478e+01 -1.162025e-01    270 4.782990e+00 6.639155e+00      1
    10     12 4.418678e+01 -4.004455e-02    269 5.591320e+00 5.920640e+00      1
    10     12 4.426754e+01 -6.267950e-02    268 5.381753e+00 6.279898e+00      1
    10     12 4.427480e+01 -1.067773e-01    267 5.381753e+00 6.279898e+00      1
    10     12 4.431111e+01 -1.391060e-01    265 5.561382e+00 6.309836e+00      1
    10     12 4.431836e+01 -1.295832e-01    265 5.561382e+00 6.309836e+00      1
    10     12 4.430978e+01 -1.299983e-01    266 5.561382e+00 6.309836e+00      1
    10     12 4.458541e+01 -7.361850e-02    268 5.860764e+00 6.160145e+00      1
    10     12 4.458405e+01 -7.134770e-02    269 5.860764e+00 6.160145e+00      1
    10     12 4.462030e+01 -5.330330e-02    269 5.681134e+00 6.130207e+00      1
    10     12 4.462756e+01 -5.396250e-02    268 5.681134e+00 6.130207e+00      1
    10     12 4.463484e+01 -5.066620e-02    268 5.681134e+00 6.130207e+00      1
    10     12 4.466602e+01 -5.213120e-02    267 5.890702e+00 6.130207e+00      1
    10     12 4.470935e+01 -1.364201e-01    269 5.920640e+00 6.100269e+00      1
    10     12 4.471661e+01 -1.050681e-01    271 5.920640e+00 6.100269e+00      1
    10     12 4.476011e+01 -7.085930e-02    271 5.591320e+00 5.920640e+00      1
    10     12 4.476735e+01 -8.113910e-02    271 5.591320e+00 5.920640e+00      1
    10     12 4.480633e+01 -1.103179e-01    269 5.591320e+00 5.920640e+00      1
    10     12 4.466972e+01 -5.276600e-02    268 5.890702e+00 6.130207e+00      1
    10     12 4.475876e+01 -6.121450e-02    272 5.591320e+00 5.920640e+00      1
    10     12 4.476599e+01 -8.311690e-02    270 5.591320e+00 5.920640e+00      1
    10     12 4.480501e+01 -1.240405e-01    269 5.591320e+00 5.920640e+00      1
    10     12 4.484125e+01 -1.021869e-01    272 1.340101e+00 2.717257e+00      1
    10     12 4.484850e+01 -1.385933e-01    270 1.340101e+00 2.717257e+00      1
    10     12 4.485574e+01 -1.269217e-01    271 1.340101e+00 2.717257e+00      1
    10     12 4.488700e+01 -1.099761e-01    270 1.070658e+00 2.657380e+00      1
    10     12 4.489423e+01 -1.169106e-01    271 1.070658e+00 2.657380e+00      1
    10     12 4.493047e+01 -1.320494e-01    269 8.910287e-01 2.717257e+00      1
    10     12 4.493771e+01 -1.273856e-01    269 8.910287e-01 2.717257e+00      1
    10     12 4.494493e+01 -8.101700e-02    269 8.910287e-01 2.717257e+00      1
    10     12 4.497655e+01 -1.337342e-01    269 1.220348e+00 2.807071e+00      1
    10     12 4.498376e+01 -1.344911e-01    269 1.220348e+00 2.807071e+00      1
    10     12 4.502588e+01 -1.215987e-01    267 1.010781e+00 2.657380e+00      1
    10     12 4.503314e+01 -9.605810e-02    269 1.010781e+00 2.657380e+00      1
    10     12 4.506937e+01 -8.875730e-02    270 1.040720e+00 2.777133e+00      1
    10     12 4.507664e+01 -9.266410e-02    270 1.040720e+00 2.777133e+00      1
    10     12 4.510778e+01 -1.234544e-01    267 2.118493e+00 2.747195e+00      1
    10     12 4.511503e+01 -1.208174e-01    267 2.118493e+00 2.747195e+00      1
    10     12 4.515841e+01 -1.282403e-01    270 1.429916e+00 2.807071e+00      1
    10     12 4.516566e+01 -1.202070e-01    269 1.429916e+00 2.807071e+00      1
    10     12 4.520470e+01 -1.310482e-01    266 1.190410e+00 2.657380e+00      1
    10     12 4.515708e+01 -1.070215e-01    269 1.429916e+00 2.807071e+00      1
    10     12 4.516430e+01 -1.180337e-01    267 1.429916e+00 2.807071e+00      1
    10     12 4.519620e+01 -1.009660e-01    267 1.190410e+00 2.657380e+00      1
    10     12 4.520342e+01 -1.243579e-01    267 1.190410e+00 2.657380e+00      1
    10     12 4.521067e+01 -1.301936e-01    266 1.190410e+00 2.657380e+00      1
    10     12 4.524683e+01 -6.697700e-02    273 1.579606e+00 2.837009e+00      1
    10     12 4.525409e+01 -7.547420e-02    273 1.579606e+00 2.837009e+00      1
    10     12 4.532875e+01 -1.055321e-01    271 1.878988e+00 2.777133e+00      1
    10     12 4.528904e+01 -1.165687e-01    271 1.609545e+00 2.837009e+00      1
    10     12 4.543140e+01 -6.219110e-02    269 1.280225e+00 2.567566e+00      1
    10     12 4.555661e+01 -8.345870e-02    271 8.311524e-01 2.118493e+00      1
    10     12 4.556383e+01 -8.922120e-02    271 8.311524e-01 2.118493e+00      1
    10     12 4.559564e+01 -9.095490e-02    271 1.070658e+00 2.238246e+00      1
    10     12 4.560285e+01 -1.168373e-01    271 1.070658e+00 2.238246e+00      1
    10     12 4.561010e+01 -1.133212e-01    271 1.070658e+00 2.238246e+00      1
    10     12 4.555523e+01 -5.782040e-02    273 8.311524e-01 2.118493e+00      1
    10     12 4.556243e+01 -5.120330e-02    272 8.311524e-01 2.118493e+00      1
    10     12 4.559856e+01 -1.038961e-01    271 1.070658e+00 2.238246e+00      1
    10     12 4.560153e+01 -1.091458e-01    271 1.070658e+00 2.238246e+00      1
    10     12 4.564487e+01 -1.258230e-01    270 1.190410e+00 2.268184e+00      1
    10     12 4.565210e+01 -1.152502e-01    269 1.190410e+00 2.268184e+00      1
    10     12 4.568828e+01 -9.854870e-02    270 9.509050e-01 2.058617e+00      1
    10     12 4.569550e+01 -8.250650e-02    270 9.509050e-01 2.058617e+00      1
    10     12 4.569789e+01 -1.349306e-01    270 9.509050e-01 2.058617e+00      1
    10     12 4.572679e+01 -6.184940e-02    271 8.311524e-01 1.220348e+00      1
    10     12 4.573401e+01 -8.861080e-02    270 8.311524e-01 1.220348e+00      1
    10     12 4.574126e+01 -1.094145e-01    270 8.311524e-01 1.220348e+00      1
    10     12 4.568686e+01 -7.317900e-02    271 9.509050e-01 2.058617e+00      1
    10     12 4.569407e+01 -1.064599e-01    270 9.509050e-01 2.058617e+00      1
    10     12 4.600408e+01 -5.725890e-02    273 8.311524e-01 1.220348e+00      1
    10     12 4.608514e+01 -6.050630e-02    273 8.311524e-01 1.220348e+00      1
    10     12 4.697752e+01 -1.038473e-01    268 9.198869e+00 1.009701e+01      1
