%caliop-Swc cloud-mask latitude ref2.25-1.61 ctt Base_Altitude Top_Altitude  multilayer-cloud
    10     12 -1.315929e+00 -1.039450e-01    268 4.872804e+00 5.381753e+00      0
    10     12 -1.226563e+00 -1.171303e-01    268 4.902742e+00 5.501505e+00      1
    10     12 -1.181033e+00 -1.344179e-01    268 4.753051e+00 5.561382e+00      1
    10     12 -1.637596e+00 -4.351180e-02    273 4.753051e+00 5.351815e+00      1
    10     12 -1.592067e+00 -5.650190e-02    271 4.902742e+00 5.381753e+00      1
    10     12 -1.584484e+00 -6.197140e-02    270 4.902742e+00 5.381753e+00      1
    10     12 -1.538950e+00 -4.900580e-02    271 4.782990e+00 5.381753e+00      1
    10     12 -1.541179e+00 -5.635540e-02    270 4.782990e+00 5.381753e+00      1
    10     12 -1.503245e+00 -8.135880e-02    269 4.812928e+00 5.351815e+00      1
    10     12 -1.495656e+00 -8.365410e-02    269 4.812928e+00 5.351815e+00      1
    10     12 -1.457719e+00 -1.054832e-01    269 4.962618e+00 5.531444e+00      1
    10     12 -1.450130e+00 -9.061300e-02    269 4.962618e+00 5.531444e+00      1
    10     12 -1.413831e+00 -1.108062e-01    269 4.902742e+00 5.351815e+00      1
    10     12 -1.406239e+00 -1.027485e-01    269 4.902742e+00 5.351815e+00      1
    10     12 -1.368297e+00 -9.437330e-02    269 4.932681e+00 5.381753e+00      1
    10     12 -1.360710e+00 -8.394710e-02    269 4.932681e+00 5.381753e+00      1
    10     12 -1.322767e+00 -1.001359e-01    269 4.872804e+00 5.381753e+00      0
    10     12 -1.324913e+00 -1.142491e-01    268 4.872804e+00 5.381753e+00      0
    10     12 -1.317327e+00 -1.220138e-01    268 4.872804e+00 5.381753e+00      0
    10     12 -1.279391e+00 -1.199872e-01    268 4.992557e+00 5.441629e+00      1
    10     12 -1.271801e+00 -1.109771e-01    268 4.992557e+00 5.441629e+00      1
    10     12 -1.233860e+00 -9.933000e-02    268 4.902742e+00 5.501505e+00      1
    10     12 -1.226276e+00 -1.110504e-01    268 4.902742e+00 5.501505e+00      1
    10     12 -1.227953e+00 -1.203046e-01    268 4.902742e+00 5.501505e+00      1
    10     12 -1.190033e+00 -1.426710e-01    268 4.753051e+00 5.561382e+00      1
    10     12 -1.182465e+00 -1.341982e-01    268 4.753051e+00 5.561382e+00      1
    10     12 -1.144485e+00 -1.362247e-01    268 4.992557e+00 5.561382e+00      1
    10     12 -1.136898e+00 -1.306576e-01    268 4.992557e+00 5.561382e+00      1
    10     12 -1.637275e+00 -4.067940e-02    272 4.753051e+00 5.351815e+00      1
    10     12 -1.638992e+00 -4.172930e-02    273 4.753051e+00 5.351815e+00      1
    10     12 -1.593493e+00 -6.231320e-02    270 4.902742e+00 5.381753e+00      1
    10     12 -1.585908e+00 -6.448640e-02    270 4.902742e+00 5.381753e+00      1
    10     12 -1.547986e+00 -4.802910e-02    271 4.782990e+00 5.381753e+00      1
    10     12 -1.540396e+00 -5.718560e-02    270 4.782990e+00 5.381753e+00      1
    10     12 -1.504661e+00 -9.950100e-02    269 4.812928e+00 5.351815e+00      1
    10     12 -1.497068e+00 -9.198040e-02    269 4.812928e+00 5.351815e+00      1
    10     12 -1.459157e+00 -1.016008e-01    269 4.962618e+00 5.531444e+00      1
    10     12 -1.451569e+00 -9.168740e-02    269 4.962618e+00 5.531444e+00      1
    10     12 -1.415231e+00 -1.052635e-01    269 4.902742e+00 5.351815e+00      1
    10     12 -1.369727e+00 -1.132479e-01    268 4.932681e+00 5.381753e+00      0
    10     12 -1.362140e+00 -1.107330e-01    268 4.932681e+00 5.381753e+00      0
    10     12 -1.324218e+00 -1.115876e-01    268 4.872804e+00 5.381753e+00      0
    10     12 -1.280807e+00 -1.209151e-01    268 4.992557e+00 5.441629e+00      1
    10     12 -1.235303e+00 -1.133457e-01    268 4.902742e+00 5.501505e+00      1
    10     12 -1.227714e+00 -1.164711e-01    268 4.902742e+00 5.501505e+00      1
    10     12 -1.145920e+00 -1.223313e-01    268 4.992557e+00 5.561382e+00      1
    10     12 -3.301720e+00 -1.097563e-01    267 5.321877e+00 5.770949e+00      0
    10     12 -3.294181e+00 -1.005997e-01    268 5.321877e+00 5.770949e+00      0
    10     12 -3.212520e+00 -9.281060e-02    267 5.351815e+00 5.800887e+00      0
    10     12 -3.204992e+00 -1.005021e-01    267 5.351815e+00 5.800887e+00      0
    10     12 -3.069832e+00 -9.781620e-02    268 5.321877e+00 5.830825e+00      0
    10     12 -2.935514e+00 -5.755180e-02    273 5.112309e+00 5.621258e+00      0
    10     12 -1.638727e+00 -3.919000e-02    273 4.753051e+00 5.351815e+00      1
    10     12 -3.831583e+00 -1.394723e-01    267 5.232062e+00 5.741011e+00      0
    10     12 -3.615557e+00 -1.342469e-01    267 4.962618e+00 5.800887e+00      0
    10     12 -3.607926e+00 -1.108795e-01    267 4.962618e+00 5.800887e+00      0
    10     12 -3.562572e+00 -1.063623e-01    267 5.321877e+00 5.830825e+00      0
    10     12 -3.526320e+00 -1.253102e-01    267 5.202124e+00 5.800887e+00      0
    10     12 -3.518753e+00 -1.120026e-01    267 5.202124e+00 5.800887e+00      0
    10     12 -3.480944e+00 -1.093168e-01    267 5.262000e+00 5.800887e+00      0
    10     12 -3.473352e+00 -1.259939e-01    267 5.262000e+00 5.800887e+00      0
    10     12 -3.427789e+00 -1.301937e-01    267 5.321877e+00 5.711072e+00      0
    10     12 -3.392058e+00 -1.043356e-01    269 5.351815e+00 5.741011e+00      0
    10     12 -3.384503e+00 -1.024066e-01    269 5.351815e+00 5.741011e+00      0
    10     12 -3.346938e+00 -1.272148e-01    267 5.291938e+00 5.770949e+00      0
    10     12 -3.339392e+00 -1.251393e-01    267 5.291938e+00 5.770949e+00      0
    10     12 -3.303079e+00 -9.864630e-02    268 5.321877e+00 5.770949e+00      0
    10     12 -3.295547e+00 -1.055565e-01    267 5.321877e+00 5.770949e+00      0
    10     12 -3.257417e+00 -1.022113e-01    267 5.351815e+00 5.741011e+00      0
    10     12 -3.249820e+00 -8.314130e-02    268 5.351815e+00 5.741011e+00      0
    10     12 -3.212004e+00 -8.917240e-02    267 5.351815e+00 5.800887e+00      0
    10     12 -3.204485e+00 -9.361640e-02    267 5.351815e+00 5.800887e+00      0
    10     12 -3.213988e+00 -9.090610e-02    267 5.351815e+00 5.800887e+00      0
    10     12 -3.206446e+00 -9.044210e-02    267 5.351815e+00 5.800887e+00      0
    10     12 -3.198838e+00 -8.514350e-02    268 5.351815e+00 5.800887e+00      0
    10     12 -3.168376e+00 -8.895260e-02    268 5.411691e+00 5.860764e+00      0
    10     12 -3.160788e+00 -9.581390e-02    267 5.411691e+00 5.860764e+00      0
    10     12 -3.122769e+00 -9.500820e-02    268 5.351815e+00 5.920640e+00      0
    10     12 -3.115164e+00 -9.190720e-02    268 5.351815e+00 5.920640e+00      0
    10     12 -3.078830e+00 -1.014055e-01    268 5.321877e+00 5.830825e+00      0
    10     12 -3.071250e+00 -9.393380e-02    268 5.321877e+00 5.830825e+00      0
    10     12 -3.033345e+00 -8.235990e-02    272 5.262000e+00 5.741011e+00      0
    10     12 -3.025777e+00 -7.769620e-02    273 5.262000e+00 5.741011e+00      0
    10     12 -2.944529e+00 -8.465520e-02    271 5.112309e+00 5.621258e+00      0
    10     12 -2.936957e+00 -7.464410e-02    272 5.112309e+00 5.621258e+00      0
    10     12 -4.242247e+00 -8.055310e-02    269 5.142248e+00 5.591320e+00      0
    10     12 -4.234674e+00 -8.856200e-02    268 5.142248e+00 5.591320e+00      0
    10     12 -4.152831e+00 -7.464400e-02    268 5.112309e+00 5.621258e+00      0
    10     12 -4.145261e+00 -6.863740e-02    268 5.112309e+00 5.621258e+00      0
    10     12 -4.099833e+00 -4.404900e-02    272 5.172186e+00 5.651196e+00      0
    10     12 -4.018597e+00 -6.194700e-02    269 5.172186e+00 5.741011e+00      0
    10     12 -4.011032e+00 -5.845530e-02    268 5.172186e+00 5.741011e+00      0
    10     12 -3.973171e+00 -1.029194e-01    267 4.633299e+00 5.681134e+00      0
    10     12 -3.965606e+00 -9.256640e-02    267 4.633299e+00 5.681134e+00      0
    10     12 -3.929338e+00 -1.242114e-01    267 5.262000e+00 5.711072e+00      0
    10     12 -3.921774e+00 -1.317563e-01    267 5.262000e+00 5.711072e+00      0
    10     12 -3.883907e+00 -1.444290e-01    267 5.232062e+00 5.711072e+00      0
    10     12 -3.876348e+00 -1.431593e-01    267 5.232062e+00 5.711072e+00      0
    10     12 -3.838486e+00 -1.264822e-01    267 5.232062e+00 5.741011e+00      0
    10     12 -3.830907e+00 -1.349307e-01    267 5.232062e+00 5.741011e+00      0
    10     12 -3.840574e+00 -1.496055e-01    267 5.232062e+00 5.741011e+00      0
    10     12 -3.832998e+00 -1.560517e-01    267 5.232062e+00 5.741011e+00      0
    10     12 -3.795146e+00 -1.281426e-01    267 5.112309e+00 5.770949e+00      0
    10     12 -3.787571e+00 -1.489707e-01    267 5.112309e+00 5.770949e+00      0
    10     12 -3.749723e+00 -7.259290e-02    268 5.232062e+00 5.711072e+00      0
    10     12 -3.742147e+00 -9.261530e-02    268 5.232062e+00 5.711072e+00      0
    10     12 -3.705709e+00 -6.800250e-02    267 4.992557e+00 5.770949e+00      0
    10     12 -3.698147e+00 -6.768510e-02    267 4.992557e+00 5.770949e+00      0
    10     12 -3.660314e+00 -1.212813e-01    267 4.753051e+00 5.800887e+00      0
    10     12 -3.652751e+00 -1.141759e-01    267 4.753051e+00 5.800887e+00      0
    10     12 -3.616960e+00 -1.257008e-01    267 4.962618e+00 5.800887e+00      0
    10     12 -3.609333e+00 -1.065820e-01    267 4.962618e+00 5.800887e+00      0
    10     12 -3.571734e+00 -1.117829e-01    267 5.321877e+00 5.830825e+00      0
    10     12 -3.564132e+00 -9.996490e-02    267 5.321877e+00 5.830825e+00      0
    10     12 -3.526204e+00 -1.171548e-01    267 5.202124e+00 5.800887e+00      0
    10     12 -3.518624e+00 -1.047751e-01    267 5.202124e+00 5.800887e+00      0
    10     12 -3.527728e+00 -1.009171e-01    267 5.202124e+00 5.800887e+00      0
    10     12 -3.520128e+00 -9.837780e-02    267 5.202124e+00 5.800887e+00      0
    10     12 -3.482394e+00 -1.052147e-01    267 5.262000e+00 5.800887e+00      0
    10     12 -3.474798e+00 -1.206953e-01    267 5.262000e+00 5.800887e+00      0
    10     12 -3.436848e+00 -9.354310e-02    268 5.321877e+00 5.711072e+00      0
    10     12 -3.429271e+00 -1.173257e-01    267 5.321877e+00 5.711072e+00      0
    10     12 -3.393528e+00 -1.084377e-01    268 5.351815e+00 5.741011e+00      0
    10     12 -3.348247e+00 -1.337341e-01    267 5.291938e+00 5.770949e+00      0
    10     12 -3.340743e+00 -1.281670e-01    267 5.291938e+00 5.770949e+00      0
    10     12 -3.258903e+00 -9.329890e-02    267 5.351815e+00 5.741011e+00      0
    10     12 -3.213542e+00 -8.953870e-02    267 5.351815e+00 5.800887e+00      0
    10     12 -3.205985e+00 -8.756080e-02    267 5.351815e+00 5.800887e+00      0
    10     12 -3.124226e+00 -9.554530e-02    268 5.351815e+00 5.920640e+00      0
    10     12 -3.116659e+00 -9.517910e-02    268 5.351815e+00 5.920640e+00      0
    10     12 -3.034796e+00 -7.989370e-02    273 5.262000e+00 5.741011e+00      0
    10     12 -4.652864e+00 -4.893250e-02    270 5.082371e+00 5.681134e+00      0
    10     12 -4.645300e+00 -5.125220e-02    269 5.082371e+00 5.681134e+00      0
    10     12 -4.563564e+00 -5.901690e-02    268 5.232062e+00 5.800887e+00      0
    10     12 -4.555995e+00 -6.783150e-02    267 5.232062e+00 5.800887e+00      0
    10     12 -4.548426e+00 -8.829330e-02    267 5.232062e+00 5.800887e+00      0
    10     12 -4.518154e+00 -1.130770e-01    267 5.291938e+00 5.890702e+00      0
    10     12 -4.510590e+00 -1.328308e-01    266 5.291938e+00 5.890702e+00      0
    10     12 -4.467187e+00 -7.205570e-02    268 5.232062e+00 5.770949e+00      0
    10     12 -4.459619e+00 -7.222670e-02    270 5.232062e+00 5.770949e+00      0
    10     12 -4.421785e+00 -7.818450e-02    269 5.202124e+00 5.800887e+00      0
    10     12 -4.414224e+00 -8.211580e-02    268 5.202124e+00 5.800887e+00      0
    10     12 -4.376382e+00 -8.270180e-02    268 5.172186e+00 5.800887e+00      0
    10     12 -4.368819e+00 -8.939210e-02    268 5.172186e+00 5.800887e+00      0
    10     12 -4.332490e+00 -1.005265e-01    268 5.142248e+00 5.711072e+00      0
    10     12 -4.324926e+00 -1.289727e-01    267 5.142248e+00 5.711072e+00      0
    10     12 -4.287090e+00 -1.473347e-01    267 5.202124e+00 5.681134e+00      0
    10     12 -4.279525e+00 -1.158362e-01    268 5.202124e+00 5.681134e+00      0
    10     12 -4.249247e+00 -8.983170e-02    268 5.142248e+00 5.591320e+00      0
    10     12 -4.243668e+00 -9.156530e-02    268 5.142248e+00 5.591320e+00      0
    10     12 -4.236107e+00 -1.034810e-01    268 5.142248e+00 5.591320e+00      0
    10     12 -4.198277e+00 -5.381600e-02    271 5.172186e+00 5.591320e+00      0
    10     12 -4.190709e+00 -5.933430e-02    270 5.172186e+00 5.591320e+00      0
    10     12 -4.152867e+00 -6.829550e-02    268 5.112309e+00 5.621258e+00      0
    10     12 -4.145299e+00 -6.202030e-02    268 5.112309e+00 5.621258e+00      0
    10     12 -4.154247e+00 -6.487710e-02    268 5.112309e+00 5.621258e+00      0
    10     12 -4.146685e+00 -5.344970e-02    269 5.112309e+00 5.621258e+00      0
    10     12 -4.108853e+00 -6.661070e-02    268 5.172186e+00 5.651196e+00      0
    10     12 -4.101287e+00 -5.747860e-02    269 5.172186e+00 5.651196e+00      0
    10     12 -4.063443e+00 -9.959870e-02    267 5.172186e+00 5.681134e+00      0
    10     12 -4.055876e+00 -9.249320e-02    267 5.172186e+00 5.681134e+00      0
    10     12 -4.020032e+00 -7.657300e-02    267 5.172186e+00 5.741011e+00      0
    10     12 -4.012468e+00 -6.951630e-02    268 5.172186e+00 5.741011e+00      0
    10     12 -3.974628e+00 -9.903710e-02    267 4.633299e+00 5.681134e+00      0
    10     12 -3.967061e+00 -9.464190e-02    267 4.633299e+00 5.681134e+00      0
    10     12 -3.930758e+00 -1.187174e-01    267 5.262000e+00 5.711072e+00      0
    10     12 -3.923194e+00 -1.320982e-01    267 5.262000e+00 5.711072e+00      0
    10     12 -3.885363e+00 -1.513391e-01    267 5.232062e+00 5.711072e+00      0
    10     12 -3.877789e+00 -1.492148e-01    267 5.232062e+00 5.711072e+00      0
    10     12 -3.839960e+00 -1.456010e-01    267 5.232062e+00 5.741011e+00      0
    10     12 -3.832385e+00 -1.505090e-01    267 5.232062e+00 5.741011e+00      0
    10     12 -3.796583e+00 -1.317076e-01    267 5.112309e+00 5.770949e+00      0
    10     12 -3.751184e+00 -1.209151e-01    267 5.232062e+00 5.711072e+00      0
    10     12 -3.743610e+00 -1.191570e-01    267 5.232062e+00 5.711072e+00      0
    10     12 -3.661761e+00 -1.329528e-01    267 4.753051e+00 5.800887e+00      0
    10     12 -3.654198e+00 -1.001115e-01    267 4.753051e+00 5.800887e+00      0
    10     12 -3.527649e+00 -9.383620e-02    267 5.202124e+00 5.800887e+00      0
    10     12 -5.190238e+00 -7.178720e-02    267 5.291938e+00 5.860764e+00      0
    10     12 -5.182678e+00 -7.007800e-02    267 5.291938e+00 5.860764e+00      0
    10     12 -4.966673e+00 -2.331860e-02    272 5.651196e+00 6.190083e+00      0
    10     12 -4.697868e+00 -3.618660e-02    270 4.393794e+00 5.591320e+00      0
    10     12 -4.690312e+00 -3.679710e-02    270 4.393794e+00 5.591320e+00      0
    10     12 -4.646730e+00 -5.540310e-02    269 5.082371e+00 5.681134e+00      0
    10     12 -4.639177e+00 -5.933430e-02    268 5.082371e+00 5.681134e+00      0
    10     12 -4.608925e+00 -1.144689e-01    266 5.232062e+00 5.920640e+00      0
    10     12 -4.601357e+00 -7.752530e-02    267 5.232062e+00 5.920640e+00      0
    10     12 -4.593789e+00 -6.641530e-02    268 5.232062e+00 5.920640e+00      0
    10     12 -4.563539e+00 -5.786930e-02    268 5.232062e+00 5.800887e+00      0
    10     12 -4.557419e+00 -5.972500e-02    268 5.232062e+00 5.800887e+00      0
    10     12 -4.549858e+00 -6.170280e-02    268 5.232062e+00 5.800887e+00      0
    10     12 -4.512049e+00 -1.319273e-01    266 5.291938e+00 5.890702e+00      0
    10     12 -4.504486e+00 -1.114411e-01    266 5.291938e+00 5.890702e+00      0
    10     12 -4.466668e+00 -6.971170e-02    268 5.232062e+00 5.770949e+00      0
    10     12 -4.459100e+00 -5.989590e-02    272 5.232062e+00 5.770949e+00      0
    10     12 -4.468604e+00 -6.453520e-02    268 5.232062e+00 5.770949e+00      0
    10     12 -4.423229e+00 -8.629120e-02    268 5.202124e+00 5.800887e+00      0
    10     12 -4.415670e+00 -7.991820e-02    269 5.202124e+00 5.800887e+00      0
    10     12 -4.377856e+00 -9.349430e-02    268 5.172186e+00 5.800887e+00      0
    10     12 -4.370289e+00 -1.117829e-01    268 5.172186e+00 5.800887e+00      0
    10     12 -4.333920e+00 -1.379828e-01    267 5.142248e+00 5.711072e+00      0
    10     12 -4.288543e+00 -1.394967e-01    267 5.202124e+00 5.681134e+00      0
    10     12 -4.280981e+00 -1.370550e-01    267 5.202124e+00 5.681134e+00      0
    10     12 -4.154340e+00 -5.828440e-02    268 5.112309e+00 5.621258e+00      0
    10     12 -4.146781e+00 -5.010450e-02    269 5.112309e+00 5.621258e+00      0
    10     12 -4.064907e+00 -1.136875e-01    267 5.172186e+00 5.681134e+00      0
    10     12 -5.674945e+00 -2.414880e-02    272 5.471567e+00 5.860764e+00      1
    10     12 -5.593122e+00 -3.496570e-02    272 5.202124e+00 5.860764e+00      1
    10     12 -5.235570e+00 -3.237750e-02    272 5.232062e+00 5.950578e+00      0
    10     12 -5.228017e+00 -3.296350e-02    273 5.232062e+00 5.950578e+00      0
    10     12 -5.190218e+00 -6.853970e-02    267 5.291938e+00 5.860764e+00      0
    10     12 -5.191668e+00 -5.508570e-02    268 5.291938e+00 5.860764e+00      0
    10     12 -5.184113e+00 -6.861300e-02    267 5.291938e+00 5.860764e+00      0
    10     12 -5.176547e+00 -6.551200e-02    267 5.291938e+00 5.860764e+00      0
    10     12 -5.146312e+00 -3.909230e-02    270 5.112309e+00 5.860764e+00      0
    10     12 -5.138760e+00 -4.507450e-02    269 5.112309e+00 5.860764e+00      0
    10     12 -5.095143e+00 -4.312110e-02    271 5.142248e+00 5.621258e+00      0
    10     12 -5.087587e+00 -4.614900e-02    272 5.142248e+00 5.621258e+00      0
    10     12 -4.691774e+00 -4.360950e-02    269 4.393794e+00 5.591320e+00      0
    10     12 -6.212091e+00 -5.889480e-02    266 5.651196e+00 6.429588e+00      0
    10     12 -6.130885e+00 -7.425340e-02    267 5.531444e+00 6.309836e+00      1
    10     12 -6.123323e+00 -6.297250e-02    269 5.531444e+00 6.309836e+00      1
    10     12 -6.078001e+00 -7.054200e-02    266 5.411691e+00 6.369712e+00      1
    10     12 -6.033919e+00 -5.403570e-02    268 5.441629e+00 6.309836e+00      1
    10     12 -5.996152e+00 -7.032210e-02    266 5.411691e+00 6.160145e+00      1
    10     12 -5.988590e+00 -6.705030e-02    266 5.411691e+00 6.160145e+00      1
    10     12 -5.943263e+00 -6.744090e-02    266 5.531444e+00 6.279898e+00      1
    10     12 -5.907346e+00 -5.127660e-02    267 5.381753e+00 6.279898e+00      1
    10     12 -5.899785e+00 -5.689250e-02    267 5.381753e+00 6.279898e+00      1
    10     12 -5.862023e+00 -5.650190e-02    266 5.321877e+00 5.920640e+00      0
    10     12 -5.854461e+00 -6.966290e-02    266 5.321877e+00 5.920640e+00      1
    10     12 -5.816686e+00 -5.557400e-02    267 5.351815e+00 5.920640e+00      1
    10     12 -5.818071e+00 -4.964060e-02    268 5.351815e+00 5.920640e+00      1
    10     12 -5.810517e+00 -5.020230e-02    268 5.351815e+00 5.920640e+00      1
    10     12 -5.772747e+00 -7.855080e-02    266 5.262000e+00 5.920640e+00      1
    10     12 -5.765192e+00 -6.487700e-02    266 5.262000e+00 5.920640e+00      1
    10     12 -5.727420e+00 -3.411110e-02    271 5.471567e+00 5.860764e+00      1
    10     12 -5.721723e+00 -3.293910e-02    273 5.471567e+00 5.860764e+00      1
    10     12 -5.683962e+00 -7.041980e-02    269 5.471567e+00 5.860764e+00      1
    10     12 -5.676407e+00 -4.566060e-02    269 5.471567e+00 5.860764e+00      0
    10     12 -5.638627e+00 -6.624440e-02    267 5.561382e+00 5.950578e+00      0
    10     12 -5.631081e+00 -5.449960e-02    268 5.561382e+00 5.950578e+00      0
    10     12 -5.594570e+00 -5.454850e-02    270 5.202124e+00 5.860764e+00      1
    10     12 -5.237036e+00 -3.386690e-02    272 5.232062e+00 5.950578e+00      0
    10     12 -5.229482e+00 -4.085030e-02    270 5.232062e+00 5.950578e+00      0
    10     12 -5.191707e+00 -5.183820e-02    268 5.291938e+00 5.860764e+00      0
    10     12 -5.094885e+00 -4.400010e-02    271 5.142248e+00 5.621258e+00      0
    10     12 -6.660320e+00 -4.768720e-02    268 5.741011e+00 6.429588e+00      1
    10     12 -6.391528e+00 -6.075060e-02    265 5.531444e+00 6.369712e+00      1
    10     12 -6.346220e+00 -2.974040e-02    266 5.681134e+00 6.279898e+00      1
    10     12 -6.310287e+00 -6.966290e-02    264 5.172186e+00 6.279898e+00      1
    10     12 -6.302735e+00 -6.766070e-02    264 5.172186e+00 6.279898e+00      1
    10     12 -6.264983e+00 -4.004460e-02    264 5.082371e+00 6.279898e+00      1
    10     12 -6.257431e+00 -6.328990e-02    263 5.082371e+00 6.279898e+00      1
    10     12 -6.221093e+00 -4.009340e-02    265 5.651196e+00 6.429588e+00      0
    10     12 -6.213544e+00 -5.557410e-02    265 5.651196e+00 6.429588e+00      0
    10     12 -6.175789e+00 -4.023990e-02    270 5.291938e+00 6.399650e+00      1
    10     12 -6.168236e+00 -3.911670e-02    270 5.291938e+00 6.399650e+00      1
    10     12 -6.130484e+00 -6.983380e-02    268 5.531444e+00 6.309836e+00      1
    10     12 -6.132316e+00 -5.376710e-02    270 5.531444e+00 6.309836e+00      1
    10     12 -6.124773e+00 -5.911450e-02    268 5.531444e+00 6.309836e+00      1
    10     12 -6.079474e+00 -5.733210e-02    268 5.411691e+00 6.369712e+00      1
    10     12 -6.041721e+00 -3.779820e-02    273 5.441629e+00 6.309836e+00      1
    10     12 -6.034160e+00 -4.885930e-02    268 5.441629e+00 6.309836e+00      1
    10     12 -6.035351e+00 -5.213120e-02    267 5.441629e+00 6.309836e+00      1
    10     12 -5.997604e+00 -8.192040e-02    266 5.411691e+00 6.160145e+00      1
    10     12 -5.990052e+00 -6.834440e-02    266 5.411691e+00 6.160145e+00      1
    10     12 -5.952303e+00 -4.251070e-02    269 5.531444e+00 6.279898e+00      1
    10     12 -5.944743e+00 -4.976270e-02    267 5.531444e+00 6.279898e+00      1
    10     12 -5.908787e+00 -6.431550e-02    266 5.381753e+00 6.279898e+00      1
    10     12 -5.901246e+00 -6.028660e-02    267 5.381753e+00 6.279898e+00      1
    10     12 -5.863492e+00 -6.502360e-02    266 5.321877e+00 5.920640e+00      1
    10     12 -5.855939e+00 -7.654860e-02    266 5.321877e+00 5.920640e+00      1
    10     12 -5.818182e+00 -4.746740e-02    268 5.351815e+00 5.920640e+00      1
    10     12 -5.774207e+00 -7.444870e-02    266 5.262000e+00 5.920640e+00      1
    10     12 -5.766652e+00 -5.962730e-02    267 5.262000e+00 5.920640e+00      1
    10     12 -5.728899e+00 -4.214450e-02    270 5.471567e+00 5.860764e+00      1
    10     12 -5.721348e+00 -3.877490e-02    272 5.471567e+00 5.860764e+00      1
    10     12 -5.640104e+00 -8.548540e-02    266 5.561382e+00 5.950578e+00      0
    10     12 -5.632558e+00 -7.735440e-02    266 5.561382e+00 5.950578e+00      0
    10     12 -6.854918e+00 -4.895690e-02    266 5.411691e+00 6.399650e+00      1
    10     12 -6.847367e+00 -4.741870e-02    266 5.411691e+00 6.399650e+00      1
    10     12 -6.839823e+00 -5.884600e-02    265 5.411691e+00 6.399650e+00      1
    10     12 -6.809632e+00 -1.277030e-02    272 5.860764e+00 6.339774e+00      1
    10     12 -6.751043e+00 -4.785820e-02    266 6.040392e+00 6.399650e+00      1
    10     12 -6.668033e+00 -2.773820e-02    273 5.741011e+00 6.429588e+00      1
    10     12 -6.660489e+00 -5.012890e-02    267 5.741011e+00 6.429588e+00      1
    10     12 -6.661760e+00 -5.237530e-02    268 5.741011e+00 6.429588e+00      1
    10     12 -6.445820e+00 -4.739420e-02    269 5.321877e+00 6.399650e+00      1
    10     12 -6.438279e+00 -3.735870e-02    266 5.321877e+00 6.399650e+00      1
    10     12 -6.392998e+00 -6.121450e-02    266 5.531444e+00 6.369712e+00      1
    10     12 -6.355262e+00 -5.906570e-02    264 5.681134e+00 6.279898e+00      1
    10     12 -6.347711e+00 -3.965390e-02    267 5.681134e+00 6.279898e+00      1
    10     12 -6.311743e+00 -7.950310e-02    264 5.172186e+00 6.279898e+00      1
    10     12 -6.304197e+00 -7.156750e-02    264 5.172186e+00 6.279898e+00      1
    10     12 -6.266464e+00 -2.920320e-02    265 5.082371e+00 6.279898e+00      1
    10     12 -6.258920e+00 -5.039760e-02    263 5.082371e+00 6.279898e+00      1
    10     12 -6.177265e+00 -3.286580e-02    268 5.291938e+00 6.399650e+00      0
    10     12 -6.131977e+00 -5.342530e-02    270 5.531444e+00 6.309836e+00      1
    10     12 -6.043200e+00 -3.904340e-02    269 5.441629e+00 6.309836e+00      1
    10     12 -6.848825e+00 -2.639520e-02    270 5.411691e+00 6.399650e+00      1
    10     12 -6.841277e+00 -1.828870e-02    269 5.411691e+00 6.399650e+00      1
    10     12 -6.669534e+00 -3.240190e-02    272 5.741011e+00 6.429588e+00      1
    10     12 -6.661985e+00 -4.700360e-02    267 5.741011e+00 6.429588e+00      1
    10     12 -6.446042e+00 -5.093480e-02    266 5.321877e+00 6.399650e+00      1
