%caliop-Swc cloud-mask latitude ref2.25-1.61 ctt Base_Altitude Top_Altitude  multilayer-cloud
    10     12 -2.711117e+01 -9.857310e-02    270 4.573422e+00 5.441629e+00      1
    10     12 -2.703034e+01 -1.003312e-01    269 7.716929e+00 8.106126e+00      1
    10     12 -2.702288e+01 -8.372730e-02    267 7.716929e+00 8.106126e+00      1
    10     12 -2.720821e+01 -1.240649e-01    269 4.543484e+00 5.561382e+00      1
    10     12 -2.720075e+01 -1.482138e-01    269 4.543484e+00 5.561382e+00      1
    10     12 -2.734145e+01 8.228600e-03    266 5.052433e+00 7.088228e+00      4
    10     12 -2.733399e+01 9.400700e-03    262 5.052433e+00 7.088228e+00      1
    10     12 -2.734301e+01 1.352720e-02    265 5.052433e+00 7.088228e+00      4
    10     12 -2.733555e+01 4.378040e-02    265 5.052433e+00 7.088228e+00      1
    10     12 -2.729827e+01 -1.533410e-02    268 7.836682e+00 7.926497e+00      1
    10     12 -2.729080e+01 -6.617120e-02    269 7.836682e+00 7.926497e+00      1
    10     12 -2.725352e+01 -1.191814e-01    269 4.543484e+00 5.651196e+00      1
    10     12 -2.724606e+01 -1.288263e-01    269 4.543484e+00 5.651196e+00      1
    10     12 -2.721004e+01 -1.456987e-01    269 4.543484e+00 5.561382e+00      1
    10     12 -2.720258e+01 -1.626444e-01    269 4.543484e+00 5.561382e+00      1
    10     12 -2.716529e+01 -8.917240e-02    271 4.244103e+00 5.711072e+00      1
    10     12 -2.715784e+01 -7.530330e-02    270 4.244103e+00 5.711072e+00      1
    10     12 -2.752100e+01 -6.709910e-02    273 4.723113e+00 5.681134e+00      1
    10     12 -2.751354e+01 -8.243320e-02    270 4.723113e+00 5.681134e+00      1
    10     12 -2.747629e+01 -8.741430e-02    269 4.753051e+00 5.591320e+00      1
    10     12 -2.746883e+01 -9.901260e-02    269 4.753051e+00 5.591320e+00      1
    10     12 -2.743277e+01 -1.389351e-01    269 4.753051e+00 5.501505e+00      1
    10     12 -2.742531e+01 -1.411327e-01    269 4.753051e+00 5.501505e+00      1
    10     12 -2.738805e+01 -1.404245e-01    269 4.962618e+00 6.878661e+00      1
    10     12 -2.738060e+01 -1.295100e-01    270 4.962618e+00 6.878661e+00      1
    10     12 -2.734332e+01 2.048620e-02    264 5.052433e+00 7.088228e+00      1
    10     12 -2.733587e+01 3.838420e-02    265 5.052433e+00 7.088228e+00      1
    10     12 -2.725538e+01 -1.275565e-01    269 4.543484e+00 5.651196e+00      1
    10     12 -2.747813e+01 -9.649760e-02    268 4.753051e+00 5.591320e+00      1
    10     12 -3.936378e+01 -8.909910e-02    271 8.195940e+00 1.045627e+01      1
    10     12 -3.935661e+01 -8.653530e-02    272 8.195940e+00 1.045627e+01      1
    10     12 -3.945306e+01 -5.628220e-02    267 8.480352e+00 9.977261e+00      4
    10     12 -3.944590e+01 -4.834650e-02    268 8.480352e+00 9.977261e+00      4
    10     12 -3.941005e+01 -5.291250e-02    270 8.480352e+00 1.051615e+01      4
    10     12 -3.940289e+01 -8.719460e-02    269 8.480352e+00 1.051615e+01      4
    10     12 -3.953566e+01 -4.993360e-02    269 8.136064e+00 9.019239e+00      4
    10     12 -3.958199e+01 -3.403780e-02    273 8.106126e+00 1.051615e+01      1
    10     12 -3.957484e+01 -6.033550e-02    270 8.106126e+00 1.051615e+01      4
    10     12 -4.016190e+01 -6.250860e-02    269 8.839610e+00 1.045627e+01      4
    10     12 -4.015474e+01 -1.077541e-01    270 8.839610e+00 1.045627e+01      4
    10     12 -4.011185e+01 -1.142003e-01    273 8.899487e+00 1.033652e+01      1
    10     12 -4.029421e+01 -1.404000e-02    272 7.507362e+00 1.051615e+01      4
    10     12 -4.028707e+01 -2.033970e-02    269 7.507362e+00 1.051615e+01      4
    10     12 -4.050682e+01 -3.740750e-02    270 7.207981e+00 1.027664e+01      4
    10     12 -4.046399e+01 -1.457720e-02    270 9.258744e+00 1.009701e+01      4
    10     12 -4.029818e+01 -1.157382e-02    273 7.507362e+00 1.051615e+01      4
    10     12 -4.029622e+01 -1.907000e-02    270 7.507362e+00 1.051615e+01      4
    10     12 -4.025336e+01 -1.482137e-02    272 8.719858e+00 1.063590e+01      4
    10     12 -4.060369e+01 3.328090e-02    241 7.327734e+00 1.033652e+01      2
    10     12 -4.059655e+01 1.775150e-02    244 7.327734e+00 1.033652e+01      2
    10     12 -4.056087e+01 -8.802480e-02    262 7.088228e+00 9.857508e+00      4
    10     12 -4.055372e+01 -6.734320e-02    263 7.088228e+00 9.857508e+00      4
    10     12 -4.051803e+01 -5.452410e-02    269 7.207981e+00 1.027664e+01      4
    10     12 -4.051088e+01 -4.155840e-02    270 7.207981e+00 1.027664e+01      4
    10     12 -4.050884e+01 -6.460850e-02    269 7.207981e+00 1.027664e+01      4
    10     12 -4.047315e+01 -5.066620e-02    271 9.258744e+00 1.009701e+01      4
    10     12 -4.046601e+01 -2.551620e-02    270 9.258744e+00 1.009701e+01      4
    10     12 -4.043032e+01 -3.115660e-02    263 7.507362e+00 1.027664e+01      2
    10     12 -4.042317e+01 -6.270390e-02    262 7.507362e+00 1.027664e+01      2
    10     12 -4.041604e+01 -5.821110e-02    262 7.507362e+00 1.027664e+01      2
    10     12 -4.060750e+01 4.402460e-02    241 7.327734e+00 1.033652e+01      2
    10     12 -4.223357e+01 -8.956310e-02    259 8.420476e+00 1.069578e+01      2
    10     12 -4.219099e+01 -9.417790e-02    259 8.166001e+00 1.093528e+01      2
    10     12 -4.215309e+01 -9.566740e-02    260 8.016311e+00 1.051615e+01      4
    10     12 -4.214598e+01 -1.005265e-01    260 8.016311e+00 1.051615e+01      2
    10     12 -4.211051e+01 -9.625340e-02    263 8.360600e+00 1.015689e+01      4
    10     12 -4.210342e+01 -9.447100e-02    264 8.360600e+00 1.015689e+01      4
    10     12 -4.206793e+01 -6.551190e-02    262 7.836682e+00 1.075565e+01      4
    10     12 -4.206083e+01 -6.863740e-02    263 7.836682e+00 1.075565e+01      4
    10     12 -4.205372e+01 -7.459520e-02    265 7.836682e+00 1.075565e+01      4
    10     12 -4.198081e+01 -5.891920e-02    258 7.627115e+00 1.093528e+01      2
    10     12 -4.236529e+01 -5.645310e-02    254 7.926497e+00 1.069578e+01      2
    10     12 -4.232983e+01 -7.122560e-02    249 7.866620e+00 1.069578e+01      2
    10     12 -4.232274e+01 -7.356960e-02    249 7.866620e+00 1.069578e+01      2
    10     12 -4.228728e+01 -5.877270e-02    264 7.986373e+00 1.069578e+01      4
    10     12 -4.245491e+01 -7.039540e-02    256 8.106126e+00 1.021677e+01      2
    10     12 -4.241946e+01 -2.908110e-02    260 8.240848e+00 1.003714e+01      4
    10     12 -4.241238e+01 -3.433090e-02    257 8.240848e+00 1.003714e+01      2
    10     12 -4.237693e+01 -3.679710e-02    252 7.926497e+00 1.069578e+01      2
    10     12 -4.236985e+01 -4.693030e-02    254 7.926497e+00 1.069578e+01      2
    10     12 -4.236733e+01 -4.854180e-02    254 7.926497e+00 1.069578e+01      2
    10     12 -4.233189e+01 -6.368060e-02    247 7.866620e+00 1.069578e+01      2
    10     12 -4.232480e+01 -6.663510e-02    247 7.866620e+00 1.069578e+01      2
    10     12 -4.228934e+01 -9.576510e-02    262 7.986373e+00 1.069578e+01      4
    10     12 -4.246628e+01 -7.315460e-02    261 8.106126e+00 1.021677e+01      4
    10     12 -4.246405e+01 -7.398470e-02    258 8.106126e+00 1.021677e+01      4
    10     12 -4.242153e+01 -4.273050e-02    257 8.240848e+00 1.003714e+01      2
    10     12 -4.237901e+01 -3.755400e-02    251 7.926497e+00 1.069578e+01      2
    10     12 -4.276333e+01 -8.287270e-02    264 9.138992e+00 1.009701e+01      1
    10     12 -4.272084e+01 -8.990500e-02    263 2.298122e+00 3.286082e+00      4
    10     12 -4.267835e+01 -8.646210e-02    261 9.438374e+00 1.015689e+01      4
    10     12 -4.267633e+01 -9.774290e-02    261 9.438374e+00 1.015689e+01      4
    10     12 -4.264091e+01 -1.100981e-01    265 9.378497e+00 1.009701e+01      4
    10     12 -4.263383e+01 -1.003800e-01    264 9.378497e+00 1.009701e+01      1
    10     12 -4.259842e+01 -7.696370e-02    267 1.699359e+00 3.226205e+00      1
    10     12 -4.259134e+01 -7.986940e-02    268 1.699359e+00 3.226205e+00      1
    10     12 -4.286000e+01 -1.050681e-01    265 2.717257e+00 3.375896e+00      1
    10     12 -4.285292e+01 -1.121736e-01    265 2.717257e+00 3.375896e+00      1
    10     12 -4.281753e+01 -1.030904e-01    263 2.866947e+00 3.405834e+00      1
    10     12 -4.281046e+01 -1.168129e-01    263 2.866947e+00 3.405834e+00      1
    10     12 -4.277505e+01 -8.243320e-02    264 9.138992e+00 1.009701e+01      1
    10     12 -4.277248e+01 -8.670630e-02    264 9.138992e+00 1.009701e+01      1
    10     12 -4.276539e+01 -8.677950e-02    264 9.138992e+00 1.009701e+01      1
    10     12 -4.272999e+01 -9.442220e-02    265 2.298122e+00 3.286082e+00      1
    10     12 -4.272291e+01 -9.473950e-02    265 2.298122e+00 3.286082e+00      1
    10     12 -4.268752e+01 -9.151650e-02    264 9.438374e+00 1.015689e+01      1
    10     12 -4.268043e+01 -8.690160e-02    261 9.438374e+00 1.015689e+01      4
    10     12 -4.267335e+01 -9.937890e-02    261 9.438374e+00 1.015689e+01      4
    10     12 -4.298464e+01 -9.222460e-02    266 2.866947e+00 3.316020e+00      1
    10     12 -4.294927e+01 -9.781610e-02    265 2.357999e+00 3.286082e+00      1
    10     12 -4.294218e+01 -1.029683e-01    266 2.357999e+00 3.286082e+00      1
    10     12 -4.290679e+01 -9.273740e-02    266 2.866947e+00 3.256143e+00      1
    10     12 -4.289973e+01 -9.359190e-02    266 2.866947e+00 3.256143e+00      1
    10     12 -4.286207e+01 -9.896370e-02    265 2.717257e+00 3.375896e+00      1
    10     12 -4.285499e+01 -1.021137e-01    265 2.717257e+00 3.375896e+00      1
    10     12 -4.281961e+01 -1.014788e-01    262 2.866947e+00 3.405834e+00      1
    10     12 -4.281254e+01 -1.080715e-01    262 2.866947e+00 3.405834e+00      4
    10     12 -4.316119e+01 -1.474324e-01    272 1.639483e+00 3.286082e+00      1
    10     12 -4.311874e+01 -1.101225e-01    270 2.926824e+00 3.256143e+00      1
    10     12 -4.308124e+01 -6.248420e-02    269 2.866947e+00 3.286082e+00      1
    10     12 -4.307417e+01 -3.586910e-02    269 2.866947e+00 3.286082e+00      1
    10     12 -4.303881e+01 -2.270820e-02    266 2.896885e+00 3.345958e+00      1
    10     12 -4.303173e+01 -5.703910e-02    266 2.896885e+00 3.345958e+00      1
    10     12 -4.299636e+01 -9.229780e-02    266 2.866947e+00 3.316020e+00      1
    10     12 -4.298929e+01 -8.392260e-02    267 2.866947e+00 3.316020e+00      1
    10     12 -4.298223e+01 -8.724350e-02    266 2.866947e+00 3.316020e+00      1
    10     12 -4.295134e+01 -8.934330e-02    265 2.357999e+00 3.286082e+00      1
    10     12 -4.329317e+01 -5.266830e-02    267 2.328060e+00 3.405834e+00      1
    10     12 -4.325784e+01 -1.100493e-01    270 1.998741e+00 3.405834e+00      1
    10     12 -4.325077e+01 -1.216964e-01    272 1.998741e+00 3.405834e+00      1
    10     12 -4.320835e+01 -1.469440e-01    271 3.166329e+00 3.286082e+00      1
    10     12 -4.317033e+01 -1.342470e-01    272 1.639483e+00 3.286082e+00      1
    10     12 -4.316326e+01 -1.349062e-01    271 1.639483e+00 3.286082e+00      1
    10     12 -4.312791e+01 -1.142979e-01    271 2.926824e+00 3.256143e+00      1
    10     12 -4.312084e+01 -1.163734e-01    271 2.926824e+00 3.256143e+00      1
    10     12 -4.308550e+01 -7.247090e-02    269 2.866947e+00 3.286082e+00      1
    10     12 -4.338933e+01 -1.267508e-01    272 3.166329e+00 3.435772e+00      1
    10     12 -4.338227e+01 -1.251149e-01    272 3.166329e+00 3.435772e+00      1
    10     12 -4.334695e+01 -4.644190e-02    270 1.340101e+00 3.465711e+00      1
    10     12 -4.325286e+01 -1.203534e-01    270 1.998741e+00 3.405834e+00      1
    10     12 -4.321752e+01 -1.382758e-01    270 3.166329e+00 3.286082e+00      1
    10     12 -4.321045e+01 -1.443069e-01    270 3.166329e+00 3.286082e+00      1
    10     12 -4.320339e+01 -1.323913e-01    271 3.166329e+00 3.286082e+00      1
    10     12 -4.347911e+01 -1.192790e-01    272 1.819112e+00 2.477751e+00      1
    10     12 -4.347204e+01 -9.781620e-02    273 1.819112e+00 2.477751e+00      1
    10     12 -4.343673e+01 -8.245760e-02    272 3.256143e+00 3.345958e+00      1
    10     12 -4.342968e+01 -8.182280e-02    272 3.256143e+00 3.345958e+00      1
    10     12 -4.339437e+01 -1.145910e-01    272 3.166329e+00 3.435772e+00      1
    10     12 -4.339139e+01 -1.128573e-01    272 3.166329e+00 3.435772e+00      1
    10     12 -4.338434e+01 -1.107574e-01    271 3.166329e+00 3.435772e+00      1
    10     12 -4.334903e+01 -5.354740e-02    271 1.340101e+00 3.465711e+00      1
    10     12 -4.334198e+01 -1.880140e-02    267 1.340101e+00 3.465711e+00      1
    10     12 -4.330665e+01 4.155840e-02    266 2.328060e+00 3.405834e+00      1
    10     12 -4.329959e+01 3.740750e-02    266 2.328060e+00 3.405834e+00      1
    10     12 -4.369105e+01 -1.680406e-01    271 1.100596e+00 2.328060e+00      1
    10     12 -4.360635e+01 -1.178629e-01    270 1.070658e+00 2.537627e+00      1
    10     12 -4.360354e+01 -1.223068e-01    270 1.070658e+00 2.537627e+00      1
    10     12 -4.356825e+01 -1.132724e-01    270 2.028679e+00 2.537627e+00      1
    10     12 -4.356120e+01 -1.193767e-01    270 2.028679e+00 2.537627e+00      1
    10     12 -4.352590e+01 -1.010881e-01    271 1.579606e+00 2.507689e+00      1
    10     12 -4.351884e+01 -1.117097e-01    271 1.579606e+00 2.507689e+00      1
    10     12 -4.378721e+01 -1.308773e-01    271 1.968802e+00 2.567566e+00      1
    10     12 -4.360140e+01 -1.131747e-01    270 1.070658e+00 2.537627e+00      1
    10     12 -4.391220e+01 -1.246264e-01    269 2.238246e+00 2.717257e+00      1
    10     12 -4.387695e+01 -1.427198e-01    269 2.058617e+00 2.777133e+00      1
    10     12 -4.386990e+01 -1.541471e-01    269 2.058617e+00 2.777133e+00      1
    10     12 -4.383464e+01 -1.130771e-01    270 2.028679e+00 2.717257e+00      1
    10     12 -4.382759e+01 -1.151037e-01    269 2.028679e+00 2.717257e+00      1
    10     12 -4.378930e+01 -1.328552e-01    270 1.968802e+00 2.567566e+00      1
    10     12 -4.378225e+01 -1.362736e-01    271 1.968802e+00 2.567566e+00      1
    10     12 -4.374699e+01 -1.354678e-01    270 1.878988e+00 2.507689e+00      1
    10     12 -4.373994e+01 -1.510705e-01    271 1.878988e+00 2.507689e+00      1
    10     12 -4.370467e+01 -1.186442e-01    271 1.100596e+00 2.328060e+00      1
    10     12 -4.400832e+01 -1.129061e-01    268 2.357999e+00 2.747195e+00      1
    10     12 -4.400128e+01 -1.188151e-01    268 2.357999e+00 2.747195e+00      1
    10     12 -4.396604e+01 -1.323668e-01    268 2.268184e+00 2.717257e+00      1
    10     12 -4.395898e+01 -1.398873e-01    268 2.268184e+00 2.717257e+00      1
    10     12 -4.392375e+01 -1.379828e-01    268 2.238246e+00 2.717257e+00      1
    10     12 -4.391669e+01 -1.217941e-01    269 2.238246e+00 2.717257e+00      1
    10     12 -4.387903e+01 -1.397897e-01    269 2.058617e+00 2.777133e+00      1
    10     12 -4.383675e+01 -1.154456e-01    269 2.028679e+00 2.717257e+00      1
    10     12 -4.421997e+01 -6.856410e-02    270 2.148432e+00 2.986700e+00      1
    10     12 -4.417772e+01 -8.636440e-02    268 2.597504e+00 3.046576e+00      1
    10     12 -4.413544e+01 -1.357364e-01    271 2.507689e+00 2.926824e+00      1
    10     12 -4.409782e+01 -1.086575e-01    270 2.387937e+00 2.896885e+00      1
    10     12 -4.409077e+01 -1.144444e-01    268 2.387937e+00 2.896885e+00      1
    10     12 -4.405555e+01 -1.082912e-01    270 2.178370e+00 2.747195e+00      1
    10     12 -4.404851e+01 -1.052391e-01    271 2.178370e+00 2.747195e+00      1
    10     12 -4.401328e+01 -1.004044e-01    269 2.357999e+00 2.747195e+00      1
    10     12 -4.392585e+01 -1.285088e-01    268 2.238246e+00 2.717257e+00      1
    10     12 -4.431668e+01 -1.259450e-01    269 3.820800e-01 2.986700e+00      1
    10     12 -4.430964e+01 -1.406931e-01    268 3.820800e-01 2.986700e+00      1
    10     12 -4.427443e+01 -8.426450e-02    273 1.699359e+00 2.837009e+00      1
    10     12 -4.426739e+01 -9.393380e-02    273 1.699359e+00 2.837009e+00      1
    10     12 -4.423219e+01 -7.498590e-02    270 2.148432e+00 2.986700e+00      1
    10     12 -4.422516e+01 -6.431550e-02    270 2.148432e+00 2.986700e+00      1
    10     12 -4.422206e+01 -6.260620e-02    269 2.148432e+00 2.986700e+00      1
    10     12 -4.418685e+01 -8.475280e-02    268 2.597504e+00 3.046576e+00      1
    10     12 -4.417981e+01 -8.023560e-02    267 2.597504e+00 3.046576e+00      1
    10     12 -4.414460e+01 -1.220870e-01    270 2.507689e+00 2.926824e+00      1
    10     12 -4.413755e+01 -1.284112e-01    270 2.507689e+00 2.926824e+00      1
    10     12 -4.440572e+01 2.966720e-02    263 1.878988e+00 4.094412e+00      1
    10     12 -4.439869e+01 1.528530e-02    264 1.878988e+00 4.094412e+00      1
    10     12 -4.436349e+01 8.135880e-02    259 1.370039e+00 3.316020e+00      4
    10     12 -4.435646e+01 2.598020e-02    261 1.370039e+00 3.316020e+00      4
    10     12 -4.432126e+01 -1.068506e-01    270 3.820800e-01 2.986700e+00      1
    10     12 -4.431878e+01 -1.298762e-01    269 3.820800e-01 2.986700e+00      1
    10     12 -4.431174e+01 -1.495078e-01    267 3.820800e-01 2.986700e+00      1
    10     12 -4.426950e+01 -8.240880e-02    273 1.699359e+00 2.837009e+00      1
    10     12 -4.423431e+01 -5.261950e-02    271 2.148432e+00 2.986700e+00      1
    10     12 -4.422727e+01 -5.359620e-02    269 2.148432e+00 2.986700e+00      1
    10     12 -4.453039e+01 -9.205400e-03    263 4.543484e+00 4.932681e+00      4
    10     12 -4.449523e+01 -2.978900e-03    267 2.896885e+00 3.286082e+00      1
    10     12 -4.448819e+01 -4.810200e-03    267 2.896885e+00 3.286082e+00      1
    10     12 -4.445301e+01 -2.734800e-03    269 1.849050e+00 3.316020e+00      1
    10     12 -4.444598e+01 -4.884000e-04    269 1.849050e+00 3.316020e+00      1
    10     12 -4.440782e+01 2.847070e-02    265 1.878988e+00 4.094412e+00      4
    10     12 -4.436561e+01 5.872390e-02    259 1.370039e+00 3.316020e+00      4
    10     12 -4.432340e+01 -1.068506e-01    270 3.820800e-01 2.986700e+00      1
    10     12 -4.470682e+01 -5.794250e-02    263 3.765092e+00 5.591320e+00      1
    10     12 -4.454208e+01 2.068150e-02    261 4.543484e+00 4.932681e+00      4
    10     12 -4.453506e+01 4.688100e-03    263 4.543484e+00 4.932681e+00      4
    10     12 -4.445513e+01 -1.750730e-02    269 1.849050e+00 3.316020e+00      1
    10     12 -4.471595e+01 -2.956950e-02    262 3.765092e+00 5.591320e+00      1
    10     12 -4.470893e+01 -4.141200e-02    261 3.765092e+00 5.591320e+00      4
    10     12 -4.502369e+01 4.876150e-02    255 4.902742e+00 5.980516e+00      4
    10     12 -4.501666e+01 3.809110e-02    255 4.902742e+00 5.980516e+00      4
    10     12 -4.498156e+01 3.940980e-02    258 3.555525e+00 5.860764e+00      4
    10     12 -4.497454e+01 4.456180e-02    258 3.555525e+00 5.860764e+00      4
    10     12 -4.502579e+01 5.301030e-02    259 4.902742e+00 5.980516e+00      4
    10     12 -4.498368e+01 4.065500e-02    257 3.555525e+00 5.860764e+00      4
    10     12 -4.532474e+01 -7.603580e-02    273 4.812928e+00 5.381753e+00      1
    10     12 -4.542075e+01 8.607140e-02    250 3.824969e+00 4.423732e+00      4
    10     12 -4.541372e+01 6.255740e-02    252 3.824969e+00 4.423732e+00      4
    10     12 -4.537868e+01 -4.009340e-02    262 3.495649e+00 5.381753e+00      4
    10     12 -4.537165e+01 -6.355850e-02    263 3.495649e+00 5.381753e+00      4
    10     12 -4.533387e+01 -1.083645e-01    272 4.812928e+00 5.381753e+00      1
    10     12 -4.532686e+01 -8.526560e-02    272 4.812928e+00 5.381753e+00      1
    10     12 -4.529181e+01 -1.977810e-02    271 3.824969e+00 4.154288e+00      1
    10     12 -4.555222e+01 5.440200e-02    245 4.633299e+00 5.890702e+00      4
    10     12 -4.554520e+01 8.973400e-02    245 4.633299e+00 5.890702e+00      4
    10     12 -4.542286e+01 3.552730e-02    257 3.824969e+00 4.423732e+00      4
    10     12 -4.541585e+01 2.605340e-02    256 3.824969e+00 4.423732e+00      4
    10     12 -4.538081e+01 -5.628210e-02    259 3.495649e+00 5.381753e+00      4
    10     12 -4.537380e+01 -6.595140e-02    258 3.495649e+00 5.381753e+00      1
    10     12 -4.564118e+01 -3.403791e-02    272 4.393794e+00 5.621258e+00      1
    10     12 -4.563418e+01 -3.787142e-02    272 4.393794e+00 5.621258e+00      1
    10     12 -4.555713e+01 -1.836190e-02    244 4.633299e+00 5.890702e+00      4
    10     12 -4.555433e+01 5.623340e-02    245 4.633299e+00 5.890702e+00      4
    10     12 -4.576582e+01 -7.051750e-02    272 4.303979e+00 4.812928e+00      1
    10     12 -4.568883e+01 -4.937200e-02    272 5.232062e+00 5.441629e+00      1
    10     12 -4.568182e+01 -1.198895e-01    272 5.232062e+00 5.441629e+00      1
    10     12 -4.564331e+01 -3.298797e-02    273 4.393794e+00 5.621258e+00      1
    10     12 -4.590006e+01 -6.988260e-02    269 9.209669e-01 1.998741e+00      4
    10     12 -4.586178e+01 -1.255788e-01    272 4.453670e+00 4.753051e+00      1
    10     12 -4.585479e+01 -8.663300e-02    272 4.453670e+00 4.753051e+00      1
    10     12 -4.655902e+01 -9.136990e-02    257 3.854907e+00 4.124350e+00      1
    10     12 -4.651715e+01 -9.478840e-02    268 1.399977e+00 2.687318e+00      1
    10     12 -4.648557e+01 -8.426450e-02    271 9.808432e-01 2.567566e+00      1
    10     12 -4.647859e+01 -8.101700e-02    269 9.808432e-01 2.567566e+00      1
    10     12 -4.647161e+01 -8.985610e-02    269 9.808432e-01 2.567566e+00      1
    10     12 -4.643671e+01 -8.831780e-02    267 1.459854e+00 2.537627e+00      1
    10     12 -4.642973e+01 -6.338760e-02    270 1.459854e+00 2.537627e+00      1
    10     12 -4.639481e+01 -5.149630e-02    269 5.317708e-01 2.417875e+00      1
    10     12 -4.638784e+01 -3.325650e-02    271 5.317708e-01 2.417875e+00      1
    10     12 -4.665491e+01 -5.879710e-02    254 3.914783e+00 4.573422e+00      4
    10     12 -4.664795e+01 -5.745420e-02    255 3.914783e+00 4.573422e+00      4
    10     12 -4.661305e+01 -1.056298e-01    255 3.795030e+00 4.154288e+00      4
    10     12 -4.660608e+01 -1.051414e-01    256 3.795030e+00 4.154288e+00      1
    10     12 -4.656815e+01 -8.719460e-02    258 3.854907e+00 4.124350e+00      1
    10     12 -4.656117e+01 -9.959870e-02    255 3.854907e+00 4.124350e+00      4
    10     12 -4.660825e+01 -1.133701e-01    255 3.795030e+00 4.154288e+00      1
    10     12 -4.692250e+01 -3.970270e-02    259 4.483608e+00 4.992557e+00      4
    10     12 -4.691553e+01 -5.354740e-02    258 4.483608e+00 4.992557e+00      4
