%viirs-Swc cloud-mask latitude ref2.25-1.61 ctt Base_Altitude Top_Altitude  multilayer-cloud
    10     12 -2.711117e+01 -9.857310e-02    270 4.573422e+00 5.441629e+00      1
    10     12 -2.703034e+01 -1.003312e-01    269 7.716929e+00 8.106126e+00      1
    10     12 -2.702288e+01 -8.372730e-02    267 7.716929e+00 8.106126e+00      1
    10     12 -2.720821e+01 -1.240649e-01    269 4.543484e+00 5.561382e+00      1
    10     12 -2.716345e+01 -1.127840e-01    269 4.244103e+00 5.711072e+00      1
    10     12 -2.715598e+01 -4.519660e-02    270 4.244103e+00 5.711072e+00      1
    10     12 -2.712045e+01 -6.912570e-02    269 4.573422e+00 5.441629e+00      1
    10     12 -2.711299e+01 -6.775830e-02    268 4.573422e+00 5.441629e+00      1
    10     12 -2.703090e+01 -1.017474e-01    269 7.716929e+00 8.106126e+00      1
    10     12 -2.702345e+01 -8.436220e-02    268 7.716929e+00 8.106126e+00      1
    10     12 -2.703216e+01 -1.047262e-01    269 7.716929e+00 8.106126e+00      1
    10     12 -2.729080e+01 -6.617120e-02    269 7.836682e+00 7.926497e+00      1
    10     12 -2.725352e+01 -1.191814e-01    269 4.543484e+00 5.651196e+00      1
    10     12 -2.724606e+01 -1.288263e-01    269 4.543484e+00 5.651196e+00      1
    10     12 -2.716529e+01 -8.917240e-02    271 4.244103e+00 5.711072e+00      1
    10     12 -2.715784e+01 -7.530330e-02    270 4.244103e+00 5.711072e+00      1
    10     12 -2.752100e+01 -6.709910e-02    273 4.723113e+00 5.681134e+00      1
    10     12 -2.751354e+01 -8.243320e-02    270 4.723113e+00 5.681134e+00      1
    10     12 -2.747629e+01 -8.741430e-02    269 4.753051e+00 5.591320e+00      1
    10     12 -2.746883e+01 -9.901260e-02    269 4.753051e+00 5.591320e+00      1
    10     12 -2.743277e+01 -1.389351e-01    269 4.753051e+00 5.501505e+00      1
    10     12 -2.738060e+01 -1.295100e-01    270 4.962618e+00 6.878661e+00      1
    10     12 -2.725538e+01 -1.275565e-01    269 4.543484e+00 5.651196e+00      1
    10     12 -2.747813e+01 -9.649760e-02    268 4.753051e+00 5.591320e+00      1
    10     12 -3.936378e+01 -8.909910e-02    271 8.195940e+00 1.045627e+01      1
    10     12 -3.935661e+01 -8.653530e-02    272 8.195940e+00 1.045627e+01      1
    10     12 -3.932074e+01 -1.199139e-01    272 8.195940e+00 1.045627e+01      1
    10     12 -3.931358e+01 -1.019671e-01    272 8.195940e+00 1.045627e+01      1
    10     12 -3.930642e+01 -7.369180e-02    273 8.195940e+00 1.045627e+01      1
    10     12 -3.936576e+01 -7.979610e-02    271 8.195940e+00 1.045627e+01      1
    10     12 -4.431174e+01 -1.495078e-01    267 3.820800e-01 2.986700e+00      1
    10     12 -4.426950e+01 -8.240880e-02    273 1.699359e+00 2.837009e+00      1
    10     12 -4.423431e+01 -5.261950e-02    271 2.148432e+00 2.986700e+00      1
    10     12 -4.422727e+01 -5.359620e-02    269 2.148432e+00 2.986700e+00      1
    10     12 -4.453039e+01 -9.205400e-03    263 4.543484e+00 4.932681e+00      4
    10     12 -4.449523e+01 -2.978900e-03    267 2.896885e+00 3.286082e+00      1
    10     12 -4.448819e+01 -4.810200e-03    267 2.896885e+00 3.286082e+00      1
    10     12 -4.445301e+01 -2.734800e-03    269 1.849050e+00 3.316020e+00      1
    10     12 -4.444598e+01 -4.884000e-04    269 1.849050e+00 3.316020e+00      1
    10     12 -3.935860e+01 -6.880830e-02    272 8.195940e+00 1.045627e+01      1
    10     12 -3.935143e+01 -6.729440e-02    272 8.195940e+00 1.045627e+01      1
    10     12 -3.931560e+01 -1.124422e-01    273 8.195940e+00 1.045627e+01      1
    10     12 -3.930843e+01 -8.721900e-02    273 8.195940e+00 1.045627e+01      1
    10     12 -3.966593e+01 -1.138828e-01    273 8.959363e+00 1.051615e+01      1
    10     12 -3.963213e+01 -8.243310e-02    272 8.959363e+00 1.051615e+01      1
    10     12 -3.962498e+01 -1.125399e-01    272 8.959363e+00 1.051615e+01      1
    10     12 -3.961782e+01 -7.439990e-02    273 8.959363e+00 1.051615e+01      1
    10     12 -4.011185e+01 -1.142003e-01    273 8.899487e+00 1.033652e+01      1
    10     12 -4.012104e+01 -1.394967e-01    273 8.899487e+00 1.033652e+01      1
    10     12 -4.011389e+01 -1.044821e-01    273 8.899487e+00 1.033652e+01      1
    10     12 -4.042113e+01 -6.221560e-02    263 7.507362e+00 1.027664e+01      2
    10     12 -4.042317e+01 -6.270390e-02    262 7.507362e+00 1.027664e+01      2
    10     12 -4.041604e+01 -5.821110e-02    262 7.507362e+00 1.027664e+01      2
    10     12 -4.193147e+01 -5.327880e-02    255 7.627115e+00 1.051615e+01      2
    10     12 -4.197874e+01 -4.868840e-02    258 7.627115e+00 1.093528e+01      2
    10     12 -4.193352e+01 -4.336530e-02    252 7.627115e+00 1.051615e+01      2
    10     12 -4.223357e+01 -8.956310e-02    259 8.420476e+00 1.069578e+01      2
    10     12 -4.219099e+01 -9.417790e-02    259 8.166001e+00 1.093528e+01      2
    10     12 -4.214598e+01 -1.005265e-01    260 8.016311e+00 1.051615e+01      2
    10     12 -4.198081e+01 -5.891920e-02    258 7.627115e+00 1.093528e+01      2
    10     12 -4.236529e+01 -5.645310e-02    254 7.926497e+00 1.069578e+01      2
    10     12 -4.232983e+01 -7.122560e-02    249 7.866620e+00 1.069578e+01      2
    10     12 -4.232274e+01 -7.356960e-02    249 7.866620e+00 1.069578e+01      2
    10     12 -4.224272e+01 -8.834220e-02    260 8.420476e+00 1.069578e+01      2
    10     12 -4.223563e+01 -8.668180e-02    258 8.420476e+00 1.069578e+01      2
    10     12 -4.220016e+01 -8.072400e-02    259 8.166001e+00 1.093528e+01      2
    10     12 -4.219307e+01 -8.768290e-02    257 8.166001e+00 1.093528e+01      2
    10     12 -4.215760e+01 -8.482610e-02    259 8.016311e+00 1.051615e+01      2
    10     12 -4.245491e+01 -7.039540e-02    256 8.106126e+00 1.021677e+01      2
    10     12 -4.236985e+01 -4.693030e-02    254 7.926497e+00 1.069578e+01      2
    10     12 -4.236733e+01 -4.854180e-02    254 7.926497e+00 1.069578e+01      2
    10     12 -4.233189e+01 -6.368060e-02    247 7.866620e+00 1.069578e+01      2
    10     12 -4.232480e+01 -6.663510e-02    247 7.866620e+00 1.069578e+01      2
    10     12 -4.250171e+01 -6.758740e-02    260 8.240848e+00 1.027664e+01      2
    10     12 -4.242153e+01 -4.273050e-02    257 8.240848e+00 1.003714e+01      2
    10     12 -4.276333e+01 -8.287270e-02    264 9.138992e+00 1.009701e+01      1
    10     12 -4.263383e+01 -1.003800e-01    264 9.378497e+00 1.009701e+01      1
    10     12 -4.259842e+01 -7.696370e-02    267 1.699359e+00 3.226205e+00      1
    10     12 -4.259134e+01 -7.986940e-02    268 1.699359e+00 3.226205e+00      1
    10     12 -4.286000e+01 -1.050681e-01    265 2.717257e+00 3.375896e+00      1
    10     12 -4.285292e+01 -1.121736e-01    265 2.717257e+00 3.375896e+00      1
    10     12 -4.281753e+01 -1.030904e-01    263 2.866947e+00 3.405834e+00      1
    10     12 -4.281046e+01 -1.168129e-01    263 2.866947e+00 3.405834e+00      1
    10     12 -4.277505e+01 -8.243320e-02    264 9.138992e+00 1.009701e+01      1
    10     12 -4.277248e+01 -8.670630e-02    264 9.138992e+00 1.009701e+01      1
    10     12 -4.276539e+01 -8.677950e-02    264 9.138992e+00 1.009701e+01      1
    10     12 -4.272999e+01 -9.442220e-02    265 2.298122e+00 3.286082e+00      1
    10     12 -4.272291e+01 -9.473950e-02    265 2.298122e+00 3.286082e+00      1
    10     12 -4.268752e+01 -9.151650e-02    264 9.438374e+00 1.015689e+01      1
    10     12 -4.298464e+01 -9.222460e-02    266 2.866947e+00 3.316020e+00      1
    10     12 -4.294927e+01 -9.781610e-02    265 2.357999e+00 3.286082e+00      1
    10     12 -4.294218e+01 -1.029683e-01    266 2.357999e+00 3.286082e+00      1
    10     12 -4.290679e+01 -9.273740e-02    266 2.866947e+00 3.256143e+00      1
    10     12 -4.289973e+01 -9.359190e-02    266 2.866947e+00 3.256143e+00      1
    10     12 -4.286207e+01 -9.896370e-02    265 2.717257e+00 3.375896e+00      1
    10     12 -4.285499e+01 -1.021137e-01    265 2.717257e+00 3.375896e+00      1
    10     12 -4.281961e+01 -1.014788e-01    262 2.866947e+00 3.405834e+00      1
    10     12 -4.311874e+01 -1.101225e-01    270 2.926824e+00 3.256143e+00      1
    10     12 -4.308124e+01 -6.248420e-02    269 2.866947e+00 3.286082e+00      1
    10     12 -4.303173e+01 -5.703910e-02    266 2.896885e+00 3.345958e+00      1
    10     12 -4.299636e+01 -9.229780e-02    266 2.866947e+00 3.316020e+00      1
    10     12 -4.298929e+01 -8.392260e-02    267 2.866947e+00 3.316020e+00      1
    10     12 -4.298223e+01 -8.724350e-02    266 2.866947e+00 3.316020e+00      1
    10     12 -4.295134e+01 -8.934330e-02    265 2.357999e+00 3.286082e+00      1
    10     12 -4.329317e+01 -5.266830e-02    267 2.328060e+00 3.405834e+00      1
    10     12 -4.325784e+01 -1.100493e-01    270 1.998741e+00 3.405834e+00      1
    10     12 -4.325077e+01 -1.216964e-01    272 1.998741e+00 3.405834e+00      1
    10     12 -4.317033e+01 -1.342470e-01    272 1.639483e+00 3.286082e+00      1
    10     12 -4.316326e+01 -1.349062e-01    271 1.639483e+00 3.286082e+00      1
    10     12 -4.312791e+01 -1.142979e-01    271 2.926824e+00 3.256143e+00      1
    10     12 -4.312084e+01 -1.163734e-01    271 2.926824e+00 3.256143e+00      1
    10     12 -4.308550e+01 -7.247090e-02    269 2.866947e+00 3.286082e+00      1
    10     12 -4.338933e+01 -1.267508e-01    272 3.166329e+00 3.435772e+00      1
    10     12 -4.338227e+01 -1.251149e-01    272 3.166329e+00 3.435772e+00      1
    10     12 -4.334695e+01 -4.644190e-02    270 1.340101e+00 3.465711e+00      1
    10     12 -4.325991e+01 -9.610690e-02    270 1.998741e+00 3.405834e+00      1
    10     12 -4.325286e+01 -1.203534e-01    270 1.998741e+00 3.405834e+00      1
    10     12 -4.321752e+01 -1.382758e-01    270 3.166329e+00 3.286082e+00      1
    10     12 -4.320339e+01 -1.323913e-01    271 3.166329e+00 3.286082e+00      1
    10     12 -4.347911e+01 -1.192790e-01    272 1.819112e+00 2.477751e+00      1
    10     12 -4.347204e+01 -9.781620e-02    273 1.819112e+00 2.477751e+00      1
    10     12 -4.343673e+01 -8.245760e-02    272 3.256143e+00 3.345958e+00      1
    10     12 -4.342968e+01 -8.182280e-02    272 3.256143e+00 3.345958e+00      1
    10     12 -4.339437e+01 -1.145910e-01    272 3.166329e+00 3.435772e+00      1
    10     12 -4.339139e+01 -1.128573e-01    272 3.166329e+00 3.435772e+00      1
    10     12 -4.338434e+01 -1.107574e-01    271 3.166329e+00 3.435772e+00      1
    10     12 -4.334903e+01 -5.354740e-02    271 1.340101e+00 3.465711e+00      1
    10     12 -4.360635e+01 -1.178629e-01    270 1.070658e+00 2.537627e+00      1
    10     12 -4.360354e+01 -1.223068e-01    270 1.070658e+00 2.537627e+00      1
    10     12 -4.356825e+01 -1.132724e-01    270 2.028679e+00 2.537627e+00      1
    10     12 -4.356120e+01 -1.193767e-01    270 2.028679e+00 2.537627e+00      1
    10     12 -4.352590e+01 -1.010881e-01    271 1.579606e+00 2.507689e+00      1
    10     12 -4.351884e+01 -1.117097e-01    271 1.579606e+00 2.507689e+00      1
    10     12 -4.378721e+01 -1.308773e-01    271 1.968802e+00 2.567566e+00      1
    10     12 -4.378017e+01 -1.264090e-01    270 1.968802e+00 2.567566e+00      1
    10     12 -4.374489e+01 -1.380072e-01    271 1.878988e+00 2.507689e+00      1
    10     12 -4.370017e+01 -1.318052e-01    271 1.100596e+00 2.328060e+00      1
    10     12 -4.365079e+01 -1.359805e-01    272 3.705216e+00 3.944721e+00      1
    10     12 -4.361551e+01 -1.070460e-01    270 1.070658e+00 2.537627e+00      1
    10     12 -4.360846e+01 -1.190105e-01    270 1.070658e+00 2.537627e+00      1
    10     12 -4.360140e+01 -1.131747e-01    270 1.070658e+00 2.537627e+00      1
    10     12 -4.391220e+01 -1.246264e-01    269 2.238246e+00 2.717257e+00      1
    10     12 -4.383464e+01 -1.130771e-01    270 2.028679e+00 2.717257e+00      1
    10     12 -4.382759e+01 -1.151037e-01    269 2.028679e+00 2.717257e+00      1
    10     12 -4.378930e+01 -1.328552e-01    270 1.968802e+00 2.567566e+00      1
    10     12 -4.378225e+01 -1.362736e-01    271 1.968802e+00 2.567566e+00      1
    10     12 -4.374699e+01 -1.354678e-01    270 1.878988e+00 2.507689e+00      1
    10     12 -4.370467e+01 -1.186442e-01    271 1.100596e+00 2.328060e+00      1
    10     12 -4.400832e+01 -1.129061e-01    268 2.357999e+00 2.747195e+00      1
    10     12 -4.400128e+01 -1.188151e-01    268 2.357999e+00 2.747195e+00      1
    10     12 -4.396604e+01 -1.323668e-01    268 2.268184e+00 2.717257e+00      1
    10     12 -4.395898e+01 -1.398873e-01    268 2.268184e+00 2.717257e+00      1
    10     12 -4.392375e+01 -1.379828e-01    268 2.238246e+00 2.717257e+00      1
    10     12 -4.391669e+01 -1.217941e-01    269 2.238246e+00 2.717257e+00      1
    10     12 -4.387903e+01 -1.397897e-01    269 2.058617e+00 2.777133e+00      1
    10     12 -4.383675e+01 -1.154456e-01    269 2.028679e+00 2.717257e+00      1
    10     12 -4.421997e+01 -6.856410e-02    270 2.148432e+00 2.986700e+00      1
    10     12 -4.417772e+01 -8.636440e-02    268 2.597504e+00 3.046576e+00      1
    10     12 -4.413544e+01 -1.357364e-01    271 2.507689e+00 2.926824e+00      1
    10     12 -4.409782e+01 -1.086575e-01    270 2.387937e+00 2.896885e+00      1
    10     12 -4.409077e+01 -1.144444e-01    268 2.387937e+00 2.896885e+00      1
    10     12 -4.405555e+01 -1.082912e-01    270 2.178370e+00 2.747195e+00      1
    10     12 -4.404851e+01 -1.052391e-01    271 2.178370e+00 2.747195e+00      1
    10     12 -4.401328e+01 -1.004044e-01    269 2.357999e+00 2.747195e+00      1
    10     12 -4.392585e+01 -1.285088e-01    268 2.238246e+00 2.717257e+00      1
    10     12 -4.431668e+01 -1.259450e-01    269 3.820800e-01 2.986700e+00      1
    10     12 -4.427443e+01 -8.426450e-02    273 1.699359e+00 2.837009e+00      1
    10     12 -4.426739e+01 -9.393380e-02    273 1.699359e+00 2.837009e+00      1
    10     12 -4.423219e+01 -7.498590e-02    270 2.148432e+00 2.986700e+00      1
    10     12 -4.422516e+01 -6.431550e-02    270 2.148432e+00 2.986700e+00      1
    10     12 -4.422206e+01 -6.260620e-02    269 2.148432e+00 2.986700e+00      1
    10     12 -4.418685e+01 -8.475280e-02    268 2.597504e+00 3.046576e+00      1
    10     12 -4.417981e+01 -8.023560e-02    267 2.597504e+00 3.046576e+00      1
    10     12 -4.414460e+01 -1.220870e-01    270 2.507689e+00 2.926824e+00      1
    10     12 -4.413755e+01 -1.284112e-01    270 2.507689e+00 2.926824e+00      1
    10     12 -4.432126e+01 -1.068506e-01    270 3.820800e-01 2.986700e+00      1
    10     12 -4.431878e+01 -1.298762e-01    269 3.820800e-01 2.986700e+00      1
    10     12 -4.426950e+01 -8.240880e-02    273 1.699359e+00 2.837009e+00      1
    10     12 -4.423431e+01 -5.261950e-02    271 2.148432e+00 2.986700e+00      1
    10     12 -4.422727e+01 -5.359620e-02    269 2.148432e+00 2.986700e+00      1
    10     12 -4.432340e+01 -1.068506e-01    270 3.820800e-01 2.986700e+00      1
    10     12 -4.470682e+01 -5.794250e-02    263 3.765092e+00 5.591320e+00      1
    10     12 -4.532474e+01 -7.603580e-02    273 4.812928e+00 5.381753e+00      1
    10     12 -4.533387e+01 -1.083645e-01    272 4.812928e+00 5.381753e+00      1
    10     12 -4.532686e+01 -8.526560e-02    272 4.812928e+00 5.381753e+00      1
    10     12 -4.537380e+01 -6.595140e-02    258 3.495649e+00 5.381753e+00      1
    10     12 -4.576582e+01 -7.051750e-02    272 4.303979e+00 4.812928e+00      1
    10     12 -4.568883e+01 -4.937200e-02    272 5.232062e+00 5.441629e+00      1
    10     12 -4.568182e+01 -1.198895e-01    272 5.232062e+00 5.441629e+00      1
    10     12 -4.586178e+01 -1.255788e-01    272 4.453670e+00 4.753051e+00      1
    10     12 -4.585479e+01 -8.663300e-02    272 4.453670e+00 4.753051e+00      1
    10     12 -4.577781e+01 -7.767180e-02    272 4.303979e+00 4.812928e+00      1
    10     12 -4.577082e+01 -7.762290e-02    271 4.303979e+00 4.812928e+00      1
    10     12 -4.590922e+01 -1.004288e-01    272 9.209669e-01 1.998741e+00      1
    10     12 -4.590221e+01 -9.503260e-02    272 9.209669e-01 1.998741e+00      1
    10     12 -4.599816e+01 -8.011350e-02    273 8.311524e-01 1.759235e+00      1
    10     12 -4.599117e+01 -6.187370e-02    273 8.311524e-01 1.759235e+00      1
    10     12 -4.655902e+01 -9.136990e-02    257 3.854907e+00 4.124350e+00      1
    10     12 -4.651715e+01 -9.478840e-02    268 1.399977e+00 2.687318e+00      1
    10     12 -4.648557e+01 -8.426450e-02    271 9.808432e-01 2.567566e+00      1
    10     12 -4.647859e+01 -8.101700e-02    269 9.808432e-01 2.567566e+00      1
    10     12 -4.647161e+01 -8.985610e-02    269 9.808432e-01 2.567566e+00      1
    10     12 -4.643671e+01 -8.831780e-02    267 1.459854e+00 2.537627e+00      1
    10     12 -4.642973e+01 -6.338760e-02    270 1.459854e+00 2.537627e+00      1
    10     12 -4.639481e+01 -5.149630e-02    269 5.317708e-01 2.417875e+00      1
    10     12 -4.660608e+01 -1.051414e-01    256 3.795030e+00 4.154288e+00      1
    10     12 -4.656815e+01 -8.719460e-02    258 3.854907e+00 4.124350e+00      1
    10     12 -4.652629e+01 -7.474170e-02    267 1.399977e+00 2.687318e+00      1
    10     12 -4.651930e+01 -8.624230e-02    267 1.399977e+00 2.687318e+00      1
    10     12 -4.648441e+01 -7.320350e-02    271 9.808432e-01 2.567566e+00      1
    10     12 -4.660825e+01 -1.133701e-01    255 3.795030e+00 4.154288e+00      1
    10     12 -4.678827e+01 -5.801580e-02    256 2.747195e+00 4.453670e+00      1
    10     12 -4.679351e+01 -4.553850e-02    256 2.747195e+00 4.453670e+00      1
