%virrs-Swc cloud-mask latitude ref2.25-1.61 ctt Base_Altitude Top_Altitude  
    10      4 4.622916e+01 -4.583150e-02    270 9.019239e+00 9.498250e+00
    10      4 4.623643e+01 -4.373160e-02    272 9.019239e+00 9.498250e+00
    10      3 4.633138e+01 -7.015130e-02    273 9.019239e+00 9.498250e+00
    10      3 4.654321e+01 -7.107910e-02    273 7.207981e+00 7.417548e+00
    10      4 4.653753e+01 -1.012102e-01    273 7.207981e+00 7.417548e+00
    10      3 4.654481e+01 -9.837780e-02    273 7.207981e+00 7.417548e+00
    10      3 4.654181e+01 -9.303030e-02    273 7.207981e+00 7.417548e+00
    10      3 4.667664e+01 -1.187907e-01    273 8.959363e+00 9.857508e+00
    10      4 4.668391e+01 -1.191570e-01    273 8.959363e+00 9.857508e+00
    10      4 4.672029e+01 -8.792710e-02    272 9.079116e+00 1.027664e+01
    10      4 4.672757e+01 -8.299480e-02    272 9.079116e+00 1.027664e+01
    10      4 4.685504e+01 -9.849980e-02    270 6.968475e+00 7.357671e+00
    10      4 4.686230e+01 -1.150548e-01    272 6.968475e+00 7.357671e+00
    10      4 4.671891e+01 -7.933220e-02    272 9.079116e+00 1.027664e+01
    10      4 4.680791e+01 -4.956740e-02    271 1.009701e+01 1.057602e+01
    10      4 4.681520e+01 -4.837090e-02    271 1.009701e+01 1.057602e+01
    10      7 4.685155e+01 -8.365410e-02    269 6.968475e+00 7.357671e+00
    10      4 4.685368e+01 -9.205360e-02    270 6.968475e+00 7.357671e+00
    10      4 4.686096e+01 -1.068018e-01    272 6.968475e+00 7.357671e+00
    10      4 4.689731e+01 -1.136386e-01    273 6.968475e+00 7.357671e+00
    10      4 4.690459e+01 -1.052635e-01    273 6.968475e+00 7.357671e+00
    10      4 4.694822e+01 -1.137119e-01    273 2.148432e+00 2.417875e+00
    10      4 4.694992e+01 -1.117585e-01    273 2.148432e+00 2.417875e+00
    10      4 4.693956e+01 -9.715690e-02    272 2.148432e+00 2.417875e+00
    10      4 4.694682e+01 -1.054100e-01    272 2.148432e+00 2.417875e+00
    10      4 4.726004e+01 -5.957850e-02    272 2.627442e+00 3.016638e+00
    10      4 4.724921e+01 -5.176490e-02    272 2.627442e+00 3.016638e+00
    10      4 4.725648e+01 -4.937200e-02    271 2.627442e+00 3.016638e+00
    10      4 4.725869e+01 -5.078820e-02    271 2.627442e+00 3.016638e+00
    10      4 4.729501e+01 -5.227770e-02    270 9.498250e+00 9.977261e+00
    10      4 4.738987e+01 -7.469290e-02    268 9.498250e+00 9.977261e+00
    10      4 4.742617e+01 -1.150305e-01    267 9.498250e+00 9.977261e+00
    10      4 4.743343e+01 -1.282158e-01    267 9.498250e+00 9.977261e+00
    10      4 4.747197e+01 -1.386177e-01    267 2.657380e+00 3.286082e+00
    10      4 4.747923e+01 -1.476033e-01    267 2.657380e+00 3.286082e+00
    10      4 4.751553e+01 -1.436477e-01    267 2.926824e+00 4.034535e+00
    10      4 4.752279e+01 -1.386177e-01    268 2.926824e+00 4.034535e+00
    10      4 4.730227e+01 -6.072610e-02    270 9.498250e+00 9.977261e+00
    10      4 4.724781e+01 -4.956730e-02    272 2.627442e+00 3.016638e+00
    10      4 4.733720e+01 -8.883060e-02    268 9.498250e+00 9.977261e+00
    10      4 4.742617e+01 -1.150305e-01    267 9.498250e+00 9.977261e+00
    10      4 4.743343e+01 -1.282158e-01    267 9.498250e+00 9.977261e+00
    10      4 4.747197e+01 -1.386177e-01    267 2.657380e+00 3.286082e+00
    10      4 4.724781e+01 -4.956730e-02    272 2.627442e+00 3.016638e+00
    10      4 4.733720e+01 -8.883060e-02    268 9.498250e+00 9.977261e+00
    10      7 4.734446e+01 -7.076160e-02    267 9.498250e+00 9.977261e+00
    10      4 4.738261e+01 -6.834430e-02    268 9.498250e+00 9.977261e+00
    10      4 4.738987e+01 -7.469290e-02    268 9.498250e+00 9.977261e+00
    10      4 4.742617e+01 -1.150305e-01    267 9.498250e+00 9.977261e+00
    10      4 4.743343e+01 -1.282158e-01    267 9.498250e+00 9.977261e+00
    10      4 4.752279e+01 -1.386177e-01    268 2.926824e+00 4.034535e+00
    10      4 4.756832e+01 -1.396677e-01    265 3.136391e+00 4.214165e+00
    10      4 4.746833e+01 -1.281182e-01    267 2.657380e+00 3.286082e+00
    10      4 4.777833e+01 -1.182291e-01    266 3.166329e+00 4.333917e+00
    10      4 4.778026e+01 -1.251637e-01    264 3.166329e+00 4.333917e+00
    10      4 4.778751e+01 -1.232591e-01    263 3.166329e+00 4.333917e+00
    10      6 4.782377e+01 -1.017962e-01    262 3.166329e+00 4.274041e+00
    10      5 4.783104e+01 -1.027241e-01    262 3.166329e+00 4.274041e+00
    10      7 4.787690e+01 -8.890380e-02    265 2.567566e+00 4.094412e+00
    10      6 4.760324e+01 -1.371282e-01    262 3.136391e+00 4.333917e+00
    10      5 4.761050e+01 -1.285577e-01    262 3.136391e+00 4.333917e+00
    10      6 4.764678e+01 -8.404470e-02    265 3.286082e+00 4.333917e+00
    10      6 4.769267e+01 -1.206464e-01    264 3.136391e+00 3.974659e+00
    10      6 4.769992e+01 -1.232835e-01    264 3.136391e+00 3.974659e+00
    10      6 4.764539e+01 -1.226487e-01    265 3.286082e+00 4.333917e+00
    10      6 4.769130e+01 -1.175210e-01    264 3.136391e+00 3.974659e+00
    10      4 4.773481e+01 -1.117829e-01    264 2.956762e+00 3.944721e+00
    10      6 4.774207e+01 -1.234544e-01    264 2.956762e+00 3.944721e+00
    10      4 4.777833e+01 -1.182291e-01    266 3.166329e+00 4.333917e+00
    10      4 4.778026e+01 -1.251637e-01    264 3.166329e+00 4.333917e+00
    10      4 4.778751e+01 -1.232591e-01    263 3.166329e+00 4.333917e+00
    10      6 4.782377e+01 -1.017962e-01    262 3.166329e+00 4.274041e+00
    10      5 4.783104e+01 -1.027241e-01    262 3.166329e+00 4.274041e+00
    10      7 4.787690e+01 -8.890380e-02    265 2.567566e+00 4.094412e+00
    10      4 4.777692e+01 -1.163490e-01    265 3.166329e+00 4.333917e+00
    10      5 4.782239e+01 -1.259450e-01    261 3.166329e+00 4.274041e+00
    10      4 4.786589e+01 -9.998930e-02    265 2.567566e+00 4.094412e+00
    10      7 4.787313e+01 -8.243320e-02    265 2.567566e+00 4.094412e+00
    10      7 4.791178e+01 -1.344179e-01    265 2.896885e+00 4.094412e+00
    10      7 4.791903e+01 -1.087064e-01    264 2.896885e+00 4.094412e+00
    10      4 4.795528e+01 -1.152990e-01    271 2.507689e+00 4.154288e+00
    10      4 4.796252e+01 -1.127597e-01    271 2.507689e+00 4.154288e+00
    10      4 4.800072e+01 -1.047752e-01    266 4.004598e+00 4.363855e+00
    10      4 4.800797e+01 -1.395700e-01    266 4.004598e+00 4.363855e+00
    10      7 4.809750e+01 -1.003556e-01    263 4.004598e+00 4.513546e+00
    10      6 4.804281e+01 -1.237475e-01    262 4.034535e+00 4.453670e+00
    10      4 4.808629e+01 -1.027973e-01    265 4.004598e+00 4.513546e+00
    10      7 4.808887e+01 -1.236498e-01    263 4.004598e+00 4.513546e+00
    10      4 4.809612e+01 -1.069971e-01    261 4.004598e+00 4.513546e+00
    10      4 4.813234e+01 -1.214766e-01    260 4.034535e+00 4.543484e+00
    10      7 4.813960e+01 -1.183268e-01    264 4.034535e+00 4.543484e+00
    10      5 4.818307e+01 -1.134189e-01    262 3.046576e+00 4.603361e+00
    10      4 4.818503e+01 -1.172280e-01    263 3.046576e+00 4.603361e+00
    10      4 4.822124e+01 -1.022113e-01    264 3.675278e+00 4.603361e+00
    10      7 4.822850e+01 -9.242000e-02    266 3.675278e+00 4.603361e+00
    10      4 4.817440e+01 -1.096830e-01    263 3.046576e+00 4.603361e+00
    10      7 4.818164e+01 -1.112457e-01    263 3.046576e+00 4.603361e+00
    10      4 4.821986e+01 -1.012834e-01    263 3.675278e+00 4.603361e+00
    10      4 4.822711e+01 -1.061425e-01    263 3.675278e+00 4.603361e+00
    10      7 4.826331e+01 -8.839110e-02    265 3.795030e+00 4.723113e+00
    10      7 4.827055e+01 -1.001847e-01    266 3.795030e+00 4.723113e+00
    10      7 4.830921e+01 -1.042623e-01    265 2.328060e+00 4.693175e+00
    10      7 4.831646e+01 -8.294600e-02    263 2.328060e+00 4.693175e+00
    10      7 4.835850e+01 -8.428900e-02    258 3.944721e+00 4.782990e+00
    10      7 4.848359e+01 -9.442210e-02    264 3.465711e+00 4.603361e+00
    10      4 4.849081e+01 -8.275060e-02    259 3.465711e+00 4.603361e+00
    10      4 4.849343e+01 -9.769400e-02    261 3.465711e+00 4.603361e+00
    10      7 4.852962e+01 -1.006242e-01    262 3.735154e+00 4.573422e+00
    10      7 4.853685e+01 -1.013323e-01    264 3.735154e+00 4.573422e+00
    10      7 4.848217e+01 -1.005509e-01    265 3.465711e+00 4.603361e+00
    10      7 4.852821e+01 -1.047507e-01    263 3.735154e+00 4.573422e+00
    10      7 4.866055e+01 -8.565630e-02    262 3.046576e+00 4.693175e+00
    10      7 4.866778e+01 -9.730340e-02    265 3.046576e+00 4.693175e+00
    10      7 4.870650e+01 -1.295344e-01    258 3.585463e+00 4.663237e+00
    10      7 4.871374e+01 -1.344179e-01    258 3.585463e+00 4.663237e+00
    10      7 4.875714e+01 -1.282403e-01    257 4.154288e+00 4.753051e+00
    10      7 4.880263e+01 -1.244556e-01    266 3.824969e+00 4.663237e+00
    10      4 4.870252e+01 -1.017474e-01    260 3.585463e+00 4.663237e+00
    10      7 4.879188e+01 -1.174477e-01    265 3.824969e+00 4.663237e+00
    10      7 4.879911e+01 -1.224045e-01    265 3.824969e+00 4.663237e+00
    10      7 4.880635e+01 -1.071681e-01    264 3.824969e+00 4.663237e+00
    10      7 4.880125e+01 -9.954980e-02    262 3.824969e+00 4.663237e+00
    10      4 4.883740e+01 -1.299251e-01    268 3.765092e+00 4.094412e+00
    10      4 4.884463e+01 -1.279717e-01    268 3.765092e+00 4.094412e+00
    10      4 4.889381e+01 -1.357608e-01    268 2.417875e+00 3.076514e+00
    10      4 4.898331e+01 -1.077296e-01    266 2.896885e+00 3.375896e+00
    10      4 4.902163e+01 -8.778060e-02    267 2.717257e+00 3.345958e+00
    10      4 4.911099e+01 -9.776730e-02    267 2.657380e+00 3.675278e+00
    10      4 4.909968e+01 -1.224777e-01    267 2.657380e+00 3.675278e+00
    10      4 4.910691e+01 -9.889050e-02    267 2.657380e+00 3.675278e+00
    10      4 4.911413e+01 -9.171180e-02    267 2.657380e+00 3.675278e+00
    10      6 4.918904e+01 -9.725460e-02    264 3.166329e+00 3.974659e+00
    10      6 4.919626e+01 -1.316099e-01    264 3.166329e+00 3.974659e+00
    10      4 4.923461e+01 -1.129306e-01    263 3.465711e+00 4.094412e+00
    10      5 4.924183e+01 -8.069950e-02    263 3.465711e+00 4.094412e+00
    10      4 4.919483e+01 -1.163979e-01    264 3.166329e+00 3.974659e+00
    10      7 4.928374e+01 -1.192303e-01    265 2.627442e+00 4.513546e+00
    10      4 4.929095e+01 -1.311215e-01    265 2.627442e+00 4.513546e+00
    10      4 4.932256e+01 -9.329890e-02    261 3.824969e+00 4.633299e+00
    10      4 4.932977e+01 -1.252370e-01    259 3.824969e+00 4.633299e+00
    10      4 4.933699e+01 -1.344911e-01    259 3.824969e+00 4.633299e+00
    10      6 4.937308e+01 -1.311948e-01    259 3.944721e+00 4.573422e+00
    10      4 4.938030e+01 -1.066796e-01    259 3.944721e+00 4.573422e+00
    10      6 4.941881e+01 -1.342713e-01    259 3.675278e+00 4.423732e+00
    10      4 4.946933e+01 -8.851320e-02    261 3.316020e+00 4.393794e+00
    10      4 4.941496e+01 -9.984280e-02    260 3.675278e+00 4.423732e+00
    10      6 4.942217e+01 -1.108063e-01    260 3.675278e+00 4.423732e+00
    10      4 4.946070e+01 -8.277510e-02    261 3.316020e+00 4.393794e+00
    10      4 4.946792e+01 -9.056420e-02    261 3.316020e+00 4.393794e+00
    10      4 4.954282e+01 -9.066190e-02    260 3.824969e+00 4.423732e+00
    10      4 4.955002e+01 -9.303030e-02    260 3.824969e+00 4.423732e+00
    10      4 4.963894e+01 -9.991600e-02    263 3.286082e+00 4.064474e+00
    10      6 4.959188e+01 -9.647320e-02    261 2.896885e+00 4.064474e+00
    10      4 4.963753e+01 -8.550980e-02    264 3.286082e+00 4.064474e+00
    10      4 4.964474e+01 -1.019427e-01    262 3.286082e+00 4.064474e+00
    10      6 4.968801e+01 -1.316587e-01    261 3.585463e+00 4.274041e+00
    10      5 4.973128e+01 -1.343690e-01    261 3.854907e+00 5.202124e+00
    10      5 4.972685e+01 -1.365910e-01    260 3.854907e+00 5.202124e+00
    10      5 4.977012e+01 -1.252613e-01    261 3.405834e+00 4.812928e+00
    10      5 4.977733e+01 -1.320250e-01    260 3.405834e+00 4.812928e+00
    10      5 4.972261e+01 -1.358829e-01    260 3.854907e+00 5.202124e+00
    10      5 4.972982e+01 -1.296565e-01    260 3.854907e+00 5.202124e+00
    10      5 4.976870e+01 -9.320130e-02    260 3.405834e+00 4.812928e+00
    10      5 4.977590e+01 -1.125398e-01    261 3.405834e+00 4.812928e+00
    10      7 4.981194e+01 -1.042623e-01    256 3.495649e+00 5.022495e+00
    10      5 4.981915e+01 -9.268860e-02    258 3.495649e+00 5.022495e+00
    10      7 4.985053e+01 -1.019182e-01    255 4.423732e+00 5.082371e+00
    10      7 4.985774e+01 -9.727900e-02    254 4.423732e+00 5.082371e+00
    10      7 4.986494e+01 -9.049090e-02    255 4.423732e+00 5.082371e+00
    10      7 4.990098e+01 -1.003800e-01    253 4.333917e+00 5.172186e+00
    10      7 4.990819e+01 -1.079494e-01    253 4.333917e+00 5.172186e+00
    10      7 4.993989e+01 -8.355640e-02    251 4.573422e+00 5.441629e+00
    10      7 4.994710e+01 -9.679060e-02    251 4.573422e+00 5.441629e+00
    10      7 4.989954e+01 -1.010637e-01    254 4.333917e+00 5.172186e+00
    10      7 4.990674e+01 -8.209140e-02    254 4.333917e+00 5.172186e+00
    10      7 4.993847e+01 -1.064843e-01    253 4.573422e+00 5.441629e+00
    10      7 4.994567e+01 -1.105377e-01    253 4.573422e+00 5.441629e+00
    10      7 4.998169e+01 -8.411790e-02    254 7.327734e+00 7.417548e+00
    10      7 4.998890e+01 -9.510580e-02    253 7.327734e+00 7.417548e+00
    10      7 4.999611e+01 -9.112580e-02    253 7.327734e+00 7.417548e+00
    10      7 5.003212e+01 -8.487500e-02    252 4.423732e+00 5.351815e+00
    10      7 5.003457e+01 -8.538770e-02    253 4.423732e+00 5.351815e+00
    10      7 5.007058e+01 -9.996490e-02    250 4.663237e+00 5.531444e+00
    10      7 5.007779e+01 -1.078029e-01    251 4.663237e+00 5.531444e+00
    10      7 5.008500e+01 -1.148840e-01    250 4.663237e+00 5.531444e+00
    10      7 5.003066e+01 -9.657090e-02    252 4.423732e+00 5.351815e+00
    10      6 5.011956e+01 -1.069971e-01    248 4.842866e+00 5.711072e+00
    10      6 5.012675e+01 -1.004532e-01    248 4.842866e+00 5.711072e+00
    10      5 5.015849e+01 -8.939220e-02    250 5.082371e+00 6.279898e+00
    10      4 5.016569e+01 -9.053970e-02    249 5.082371e+00 6.279898e+00
    10      4 5.033944e+01 -9.254200e-02    252 4.782990e+00 5.800887e+00
    10      5 5.034663e+01 -1.085842e-01    252 4.782990e+00 5.800887e+00
    10      6 5.034250e+01 -1.078761e-01    252 4.782990e+00 5.800887e+00
    10      4 5.174572e+01 -1.240405e-01    266 5.800887e+00 6.160145e+00
    10      4 5.175288e+01 -1.254811e-01    265 5.800887e+00 6.160145e+00
    10      4 5.179205e+01 -1.206953e-01    266 2.627442e+00 3.106453e+00
    10      4 5.179921e+01 -1.238207e-01    266 2.627442e+00 3.106453e+00
    10      4 5.184217e+01 -1.231858e-01    264 2.567566e+00 3.106453e+00
    10      4 5.188084e+01 -1.210615e-01    265 2.298122e+00 3.076514e+00
    10      4 5.188799e+01 -1.191326e-01    265 2.298122e+00 3.076514e+00
    10      4 5.187648e+01 -1.281182e-01    266 2.298122e+00 3.076514e+00
    10      4 5.188364e+01 -1.199871e-01    266 2.298122e+00 3.076514e+00
    10      4 5.192232e+01 -1.156165e-01    263 2.777133e+00 3.226205e+00
    10      4 5.192948e+01 -1.130770e-01    264 2.777133e+00 3.226205e+00
    10      4 5.196527e+01 -1.208906e-01    264 2.657380e+00 3.256143e+00
    10      4 5.197243e+01 -1.129794e-01    263 2.657380e+00 3.256143e+00
    10      4 5.196378e+01 -1.142003e-01    263 2.657380e+00 3.256143e+00
